INT	INT	INT	INT	INT	INT	INT	INT	INT	INT	INT	INT	INT	INT	INT	INT	INT	INT	INT	INT	INT	INT	INT
ID(怪物编号)	Mvalue(怪物价值)	怪物掉落类型	DID1(掉落包编号)	DID2	DID3	DID4	DID5	DID6	DID7	DID8	DID9	DID10	DID11	DID12	DID13	DID14	DID15	DID16	DID17	DID18	DID19	DID20
#潇湘综合修改工具 QQ群923288704 潇湘QQ1400003003
#Www.2008tl.COM发布站专用工具 QQ群7781882 作者QQ644904333
#by UK QQ:2269169441 本文件由UK解密程序进行解密 进入QQ交流群:701982752 输出时间：2022年9月15日4时20分6秒 文件名：19
700	100	1	21426	-1	-1	-1	-1	-1	-1	-1	-1	-1	-1	-1	-1	-1	-1	-1	-1	-1	-1	-1
701	100	1	21426	-1	-1	-1	-1	-1	-1	-1	-1	-1	-1	-1	-1	-1	-1	-1	-1	-1	-1	-1
704	100	1	21432	21433	21434	-1	-1	-1	-1	-1	-1	-1	-1	-1	-1	-1	-1	-1	-1	-1	-1	-1
705	100	1	21432	21433	21434	-1	-1	-1	-1	-1	-1	-1	-1	-1	-1	-1	-1	-1	-1	-1	-1	-1
706	100	1	21432	21433	21434	-1	-1	-1	-1	-1	-1	-1	-1	-1	-1	-1	-1	-1	-1	-1	-1	-1
707	100	1	21432	21433	21434	-1	-1	-1	-1	-1	-1	-1	-1	-1	-1	-1	-1	-1	-1	-1	-1	-1
721	100	1	21213	21208	21207	21325	21235	21431	-1	-1	-1	-1	-1	-1	-1	-1	-1	-1	-1	-1	-1	-1
868	210	1	21205	21206	21208	21209	-1	-1	-1	-1	-1	-1	-1	-1	-1	-1	-1	-1	-1	-1	-1	-1
869	210	1	21205	21206	21207	21208	21209	-1	-1	-1	-1	-1	-1	-1	-1	-1	-1	-1	-1	-1	-1	-1
870	210	1	21205	21206	21207	21208	21209	-1	-1	-1	-1	-1	-1	-1	-1	-1	-1	-1	-1	-1	-1	-1
871	210	1	21205	21206	21207	21208	21209	-1	-1	-1	-1	-1	-1	-1	-1	-1	-1	-1	-1	-1	-1	-1
872	210	1	21205	21206	21207	21208	21209	-1	-1	-1	-1	-1	-1	-1	-1	-1	-1	-1	-1	-1	-1	-1
873	210	1	21205	21206	21207	21208	21209	-1	-1	-1	-1	-1	-1	-1	-1	-1	-1	-1	-1	-1	-1	-1
874	210	1	21205	21206	21207	21208	21209	-1	-1	-1	-1	-1	-1	-1	-1	-1	-1	-1	-1	-1	-1	-1
875	210	1	21205	21206	21207	21208	21209	-1	-1	-1	-1	-1	-1	-1	-1	-1	-1	-1	-1	-1	-1	-1
876	210	1	21205	21206	21207	21208	21209	-1	-1	-1	-1	-1	-1	-1	-1	-1	-1	-1	-1	-1	-1	-1
877	210	1	21205	21206	21207	21208	21209	-1	-1	-1	-1	-1	-1	-1	-1	-1	-1	-1	-1	-1	-1	-1
878	210	1	21217	21459	21460	21461	-1	-1	-1	-1	-1	-1	-1	-1	-1	-1	-1	-1	-1	-1	-1	-1
879	210	1	21217	21273	21272	21179	21462	21463	-1	-1	-1	-1	-1	-1	-1	-1	-1	-1	-1	-1	-1	-1
880	210	1	21211	21212	21213	21214	21217	-1	-1	-1	-1	-1	-1	-1	-1	-1	-1	-1	-1	-1	-1	-1
882	210	1	21464	21465	21466	21467	21217	-1	-1	-1	-1	-1	-1	-1	-1	-1	-1	-1	-1	-1	-1	-1
883	210	1	21217	21468	21469	21470	21471	-1	-1	-1	-1	-1	-1	-1	-1	-1	-1	-1	-1	-1	-1	-1
884	210	1	21211	21212	21213	21214	21217	-1	-1	-1	-1	-1	-1	-1	-1	-1	-1	-1	-1	-1	-1	-1
885	210	1	21211	21212	21213	21214	21217	21458	-1	-1	-1	-1	-1	-1	-1	-1	-1	-1	-1	-1	-1	-1
886	210	1	21211	21212	21213	21214	21217	-1	-1	-1	-1	-1	-1	-1	-1	-1	-1	-1	-1	-1	-1	-1
887	210	1	21211	21212	21213	21214	21217	21458	-1	-1	-1	-1	-1	-1	-1	-1	-1	-1	-1	-1	-1	-1
888	210	1	21211	21212	21213	21214	21217	-1	-1	-1	-1	-1	-1	-1	-1	-1	-1	-1	-1	-1	-1	-1
889	210	1	21211	21212	21213	21214	21217	21458	-1	-1	-1	-1	-1	-1	-1	-1	-1	-1	-1	-1	-1	-1
1348	210	1	21220	21221	21223	21456	21457	-1	-1	-1	-1	-1	-1	-1	-1	-1	-1	-1	-1	-1	-1	-1
1351	210	1	21220	21221	21223	21456	21457	-1	-1	-1	-1	-1	-1	-1	-1	-1	-1	-1	-1	-1	-1	-1
1354	210	1	21220	21221	21223	21456	21457	-1	-1	-1	-1	-1	-1	-1	-1	-1	-1	-1	-1	-1	-1	-1
1357	210	1	21220	21221	21223	21456	21457	-1	-1	-1	-1	-1	-1	-1	-1	-1	-1	-1	-1	-1	-1	-1
1360	210	1	21220	21221	21223	21456	21457	-1	-1	-1	-1	-1	-1	-1	-1	-1	-1	-1	-1	-1	-1	-1
1363	210	1	21220	21221	21223	21456	21457	-1	-1	-1	-1	-1	-1	-1	-1	-1	-1	-1	-1	-1	-1	-1
1366	210	1	21220	21221	21223	21456	21457	-1	-1	-1	-1	-1	-1	-1	-1	-1	-1	-1	-1	-1	-1	-1
1369	210	1	21220	21221	21223	21456	21457	-1	-1	-1	-1	-1	-1	-1	-1	-1	-1	-1	-1	-1	-1	-1
1372	210	1	21220	21221	21223	21456	21457	-1	-1	-1	-1	-1	-1	-1	-1	-1	-1	-1	-1	-1	-1	-1
1373	210	1	21220	21221	21223	21456	21457	-1	-1	-1	-1	-1	-1	-1	-1	-1	-1	-1	-1	-1	-1	-1
1374	210	1	21220	21221	21223	21456	21457	-1	-1	-1	-1	-1	-1	-1	-1	-1	-1	-1	-1	-1	-1	-1
1375	210	1	21220	21221	21223	21456	21457	-1	-1	-1	-1	-1	-1	-1	-1	-1	-1	-1	-1	-1	-1	-1
1435	100	1	21455	-1	-1	-1	-1	-1	-1	-1	-1	-1	-1	-1	-1	-1	-1	-1	-1	-1	-1	-1
1436	100	1	21455	-1	-1	-1	-1	-1	-1	-1	-1	-1	-1	-1	-1	-1	-1	-1	-1	-1	-1	-1
1437	100	1	21455	-1	-1	-1	-1	-1	-1	-1	-1	-1	-1	-1	-1	-1	-1	-1	-1	-1	-1	-1
1438	100	1	21455	-1	-1	-1	-1	-1	-1	-1	-1	-1	-1	-1	-1	-1	-1	-1	-1	-1	-1	-1
1439	100	1	21455	-1	-1	-1	-1	-1	-1	-1	-1	-1	-1	-1	-1	-1	-1	-1	-1	-1	-1	-1
1440	100	1	21455	-1	-1	-1	-1	-1	-1	-1	-1	-1	-1	-1	-1	-1	-1	-1	-1	-1	-1	-1
1441	210	1	21225	21226	21394	21395	21396	-1	-1	-1	-1	-1	-1	-1	-1	-1	-1	-1	-1	-1	-1	-1
1442	150	1	21426	-1	-1	-1	-1	-1	-1	-1	-1	-1	-1	-1	-1	-1	-1	-1	-1	-1	-1	-1
1443	150	1	21426	-1	-1	-1	-1	-1	-1	-1	-1	-1	-1	-1	-1	-1	-1	-1	-1	-1	-1	-1
1444	150	1	21426	-1	-1	-1	-1	-1	-1	-1	-1	-1	-1	-1	-1	-1	-1	-1	-1	-1	-1	-1
1445	150	1	21426	-1	-1	-1	-1	-1	-1	-1	-1	-1	-1	-1	-1	-1	-1	-1	-1	-1	-1	-1
1657	354	1	21227	21228	-1	-1	-1	-1	-1	-1	-1	-1	-1	-1	-1	-1	-1	-1	-1	-1	-1	-1
1658	354	1	21227	21228	-1	-1	-1	-1	-1	-1	-1	-1	-1	-1	-1	-1	-1	-1	-1	-1	-1	-1
1659	354	1	21227	21228	-1	-1	-1	-1	-1	-1	-1	-1	-1	-1	-1	-1	-1	-1	-1	-1	-1	-1
1667	354	1	21227	21228	-1	-1	-1	-1	-1	-1	-1	-1	-1	-1	-1	-1	-1	-1	-1	-1	-1	-1
1668	354	1	21227	21228	-1	-1	-1	-1	-1	-1	-1	-1	-1	-1	-1	-1	-1	-1	-1	-1	-1	-1
1669	354	1	21227	21228	-1	-1	-1	-1	-1	-1	-1	-1	-1	-1	-1	-1	-1	-1	-1	-1	-1	-1
1677	354	1	21227	21228	-1	-1	-1	-1	-1	-1	-1	-1	-1	-1	-1	-1	-1	-1	-1	-1	-1	-1
1678	354	1	21227	21228	-1	-1	-1	-1	-1	-1	-1	-1	-1	-1	-1	-1	-1	-1	-1	-1	-1	-1
1679	354	1	21227	21228	-1	-1	-1	-1	-1	-1	-1	-1	-1	-1	-1	-1	-1	-1	-1	-1	-1	-1
1687	354	1	21227	21228	-1	-1	-1	-1	-1	-1	-1	-1	-1	-1	-1	-1	-1	-1	-1	-1	-1	-1
1688	354	1	21227	21228	-1	-1	-1	-1	-1	-1	-1	-1	-1	-1	-1	-1	-1	-1	-1	-1	-1	-1
1689	354	1	21227	21228	-1	-1	-1	-1	-1	-1	-1	-1	-1	-1	-1	-1	-1	-1	-1	-1	-1	-1
1697	354	1	21227	21228	-1	-1	-1	-1	-1	-1	-1	-1	-1	-1	-1	-1	-1	-1	-1	-1	-1	-1
1698	354	1	21227	21228	-1	-1	-1	-1	-1	-1	-1	-1	-1	-1	-1	-1	-1	-1	-1	-1	-1	-1
1699	354	1	21227	21228	-1	-1	-1	-1	-1	-1	-1	-1	-1	-1	-1	-1	-1	-1	-1	-1	-1	-1
1707	354	1	21227	21228	-1	-1	-1	-1	-1	-1	-1	-1	-1	-1	-1	-1	-1	-1	-1	-1	-1	-1
1708	354	1	21227	21228	-1	-1	-1	-1	-1	-1	-1	-1	-1	-1	-1	-1	-1	-1	-1	-1	-1	-1
1709	354	1	21227	21228	-1	-1	-1	-1	-1	-1	-1	-1	-1	-1	-1	-1	-1	-1	-1	-1	-1	-1
1717	354	1	21227	21228	-1	-1	-1	-1	-1	-1	-1	-1	-1	-1	-1	-1	-1	-1	-1	-1	-1	-1
1718	354	1	21227	21228	-1	-1	-1	-1	-1	-1	-1	-1	-1	-1	-1	-1	-1	-1	-1	-1	-1	-1
1719	354	1	21227	21228	-1	-1	-1	-1	-1	-1	-1	-1	-1	-1	-1	-1	-1	-1	-1	-1	-1	-1
1727	354	1	21227	21228	-1	-1	-1	-1	-1	-1	-1	-1	-1	-1	-1	-1	-1	-1	-1	-1	-1	-1
1728	354	1	21227	21228	-1	-1	-1	-1	-1	-1	-1	-1	-1	-1	-1	-1	-1	-1	-1	-1	-1	-1
1729	354	1	21227	21228	-1	-1	-1	-1	-1	-1	-1	-1	-1	-1	-1	-1	-1	-1	-1	-1	-1	-1
1737	354	1	21227	21228	-1	-1	-1	-1	-1	-1	-1	-1	-1	-1	-1	-1	-1	-1	-1	-1	-1	-1
1738	354	1	21227	21228	-1	-1	-1	-1	-1	-1	-1	-1	-1	-1	-1	-1	-1	-1	-1	-1	-1	-1
1739	354	1	21227	21228	-1	-1	-1	-1	-1	-1	-1	-1	-1	-1	-1	-1	-1	-1	-1	-1	-1	-1
1747	354	1	21227	21228	-1	-1	-1	-1	-1	-1	-1	-1	-1	-1	-1	-1	-1	-1	-1	-1	-1	-1
1748	354	1	21227	21228	-1	-1	-1	-1	-1	-1	-1	-1	-1	-1	-1	-1	-1	-1	-1	-1	-1	-1
1749	354	1	21227	21228	-1	-1	-1	-1	-1	-1	-1	-1	-1	-1	-1	-1	-1	-1	-1	-1	-1	-1
1757	354	1	21227	21228	-1	-1	-1	-1	-1	-1	-1	-1	-1	-1	-1	-1	-1	-1	-1	-1	-1	-1
1758	354	1	21227	21228	-1	-1	-1	-1	-1	-1	-1	-1	-1	-1	-1	-1	-1	-1	-1	-1	-1	-1
1759	354	1	21227	21228	-1	-1	-1	-1	-1	-1	-1	-1	-1	-1	-1	-1	-1	-1	-1	-1	-1	-1
1767	354	1	21227	21228	-1	-1	-1	-1	-1	-1	-1	-1	-1	-1	-1	-1	-1	-1	-1	-1	-1	-1
1768	354	1	21227	21228	-1	-1	-1	-1	-1	-1	-1	-1	-1	-1	-1	-1	-1	-1	-1	-1	-1	-1
1769	354	1	21227	21228	-1	-1	-1	-1	-1	-1	-1	-1	-1	-1	-1	-1	-1	-1	-1	-1	-1	-1
##棋局
1852	210	1	21229	21230	21231	21232	21233	21474	-1	-1	-1	-1	-1	-1	-1	-1	-1	-1	-1	-1	-1	-1
1853	210	1	21229	21230	21231	21232	21233	21474	-1	-1	-1	-1	-1	-1	-1	-1	-1	-1	-1	-1	-1	-1
1854	210	1	21229	21230	21231	21232	21233	21474	-1	-1	-1	-1	-1	-1	-1	-1	-1	-1	-1	-1	-1	-1
1855	210	1	21229	21230	21231	21232	21233	21474	-1	-1	-1	-1	-1	-1	-1	-1	-1	-1	-1	-1	-1	-1
1856	210	1	21229	21230	21231	21232	21233	21474	-1	-1	-1	-1	-1	-1	-1	-1	-1	-1	-1	-1	-1	-1
1857	210	1	21229	21230	21231	21232	21233	21474	-1	-1	-1	-1	-1	-1	-1	-1	-1	-1	-1	-1	-1	-1
1858	210	1	21229	21230	21231	21232	21233	21474	-1	-1	-1	-1	-1	-1	-1	-1	-1	-1	-1	-1	-1	-1
1859	210	1	21229	21230	21231	21232	21233	21474	-1	-1	-1	-1	-1	-1	-1	-1	-1	-1	-1	-1	-1	-1
##镜湖剿匪
2532	210	1	21234	21235	21236	21237	21238	21239	21240	-1	-1	-1	-1	-1	-1	-1	-1	-1	-1	-1	-1	-1
2533	210	1	21234	21235	21236	21237	21238	21239	21240	-1	-1	-1	-1	-1	-1	-1	-1	-1	-1	-1	-1	-1
2534	210	1	21234	21235	21236	21237	21238	21239	21240	-1	-1	-1	-1	-1	-1	-1	-1	-1	-1	-1	-1	-1
2535	210	1	21234	21235	21236	21237	21238	21239	21240	-1	-1	-1	-1	-1	-1	-1	-1	-1	-1	-1	-1	-1
2536	210	1	21234	21235	21236	21237	21238	21239	21240	-1	-1	-1	-1	-1	-1	-1	-1	-1	-1	-1	-1	-1
2537	210	1	21234	21235	21236	21237	21238	21239	21240	-1	-1	-1	-1	-1	-1	-1	-1	-1	-1	-1	-1	-1
2538	210	1	21234	21235	21236	21237	21238	21239	21240	-1	-1	-1	-1	-1	-1	-1	-1	-1	-1	-1	-1	-1
2539	210	1	21234	21235	21236	21237	21238	21239	21240	-1	-1	-1	-1	-1	-1	-1	-1	-1	-1	-1	-1	-1
###天荒古境马贼头领
2561	210	1	21242	21243	21390	-1	-1	-1	-1	-1	-1	-1	-1	-1	-1	-1	-1	-1	-1	-1	-1	-1
##夺宝马贼
2562	210	1	21242	21243	21390	21403	-1	-1	-1	-1	-1	-1	-1	-1	-1	-1	-1	-1	-1	-1	-1	-1
2563	210	1	21390	21242	21243	21403	-1	-1	-1	-1	-1	-1	-1	-1	-1	-1	-1	-1	-1	-1	-1	-1
2564	210	1	21243	21242	21390	21403	-1	-1	-1	-1	-1	-1	-1	-1	-1	-1	-1	-1	-1	-1	-1	-1
2565	210	1	21390	21242	21243	21244	21403	21404	-1	-1	-1	-1	-1	-1	-1	-1	-1	-1	-1	-1	-1	-1
2566	210	1	21244	21243	21242	21241	21390	21403	-1	-1	-1	-1	-1	-1	-1	-1	-1	-1	-1	-1	-1	-1
2567	210	1	21390	21241	21242	21243	21244	21403	21404	-1	-1	-1	-1	-1	-1	-1	-1	-1	-1	-1	-1	-1
2568	210	1	21244	21243	21242	21241	21390	21403	21404	-1	-1	-1	-1	-1	-1	-1	-1	-1	-1	-1	-1	-1
3040	80	1	21443	-1	-1	-1	-1	-1	-1	-1	-1	-1	-1	-1	-1	-1	-1	-1	-1	-1	-1	-1
3412	100	1	21213	21208	21207	21325	21235	21431	-1	-1	-1	-1	-1	-1	-1	-1	-1	-1	-1	-1	-1	-1
3510	210	1	21245	21246	21247	21390	-1	-1	-1	-1	-1	-1	-1	-1	-1	-1	-1	-1	-1	-1	-1	-1
3511	210	1	21245	21246	21247	21390	-1	-1	-1	-1	-1	-1	-1	-1	-1	-1	-1	-1	-1	-1	-1	-1
3512	210	1	21245	21246	21247	21390	-1	-1	-1	-1	-1	-1	-1	-1	-1	-1	-1	-1	-1	-1	-1	-1
3513	210	1	21245	21246	21247	21390	-1	-1	-1	-1	-1	-1	-1	-1	-1	-1	-1	-1	-1	-1	-1	-1
3514	210	1	21245	21246	21247	21390	-1	-1	-1	-1	-1	-1	-1	-1	-1	-1	-1	-1	-1	-1	-1	-1
3515	210	1	21245	21246	21247	21390	-1	-1	-1	-1	-1	-1	-1	-1	-1	-1	-1	-1	-1	-1	-1	-1
3516	210	1	21245	21246	21247	21390	-1	-1	-1	-1	-1	-1	-1	-1	-1	-1	-1	-1	-1	-1	-1	-1
3517	210	1	21245	21246	21247	21390	-1	-1	-1	-1	-1	-1	-1	-1	-1	-1	-1	-1	-1	-1	-1	-1
3518	210	1	21245	21246	21390	-1	-1	-1	-1	-1	-1	-1	-1	-1	-1	-1	-1	-1	-1	-1	-1	-1
3519	210	1	21245	21246	21247	-1	-1	-1	-1	-1	-1	-1	-1	-1	-1	-1	-1	-1	-1	-1	-1	-1
##反贼
3648	100	1	21252	21447	-1	-1	-1	-1	-1	-1	-1	-1	-1	-1	-1	-1	-1	-1	-1	-1	-1	-1
3649	100	1	21252	21447	-1	-1	-1	-1	-1	-1	-1	-1	-1	-1	-1	-1	-1	-1	-1	-1	-1	-1
3654	210	1	21248	21249	21250	21251	21252	21454	-1	-1	-1	-1	-1	-1	-1	-1	-1	-1	-1	-1	-1	-1
3655	210	1	21248	21249	21250	21251	21252	21454	-1	-1	-1	-1	-1	-1	-1	-1	-1	-1	-1	-1	-1	-1
3656	210	1	21248	21249	21250	21251	21252	21454	-1	-1	-1	-1	-1	-1	-1	-1	-1	-1	-1	-1	-1	-1
3657	210	1	21248	21249	21250	21251	21252	21454	-1	-1	-1	-1	-1	-1	-1	-1	-1	-1	-1	-1	-1	-1
3658	210	1	21248	21249	21250	21251	21252	21454	-1	-1	-1	-1	-1	-1	-1	-1	-1	-1	-1	-1	-1	-1
3659	210	1	21248	21249	21250	21251	21252	21454	-1	-1	-1	-1	-1	-1	-1	-1	-1	-1	-1	-1	-1	-1
##偷袭门派
3668	100	1	21448	21449	-1	-1	-1	-1	-1	-1	-1	-1	-1	-1	-1	-1	-1	-1	-1	-1	-1	-1
3669	100	1	21448	21449	-1	-1	-1	-1	-1	-1	-1	-1	-1	-1	-1	-1	-1	-1	-1	-1	-1	-1
3677	210	1	21448	21450	21451	21452	21453	-1	-1	-1	-1	-1	-1	-1	-1	-1	-1	-1	-1	-1	-1	-1
3678	210	1	21448	21450	21451	21452	21453	-1	-1	-1	-1	-1	-1	-1	-1	-1	-1	-1	-1	-1	-1	-1
3679	210	1	21448	21450	21451	21452	21453	-1	-1	-1	-1	-1	-1	-1	-1	-1	-1	-1	-1	-1	-1	-1
##踢球
3684	100	1	21426	-1	-1	-1	-1	-1	-1	-1	-1	-1	-1	-1	-1	-1	-1	-1	-1	-1	-1	-1
3685	100	1	21426	-1	-1	-1	-1	-1	-1	-1	-1	-1	-1	-1	-1	-1	-1	-1	-1	-1	-1	-1
3686	100	1	21426	-1	-1	-1	-1	-1	-1	-1	-1	-1	-1	-1	-1	-1	-1	-1	-1	-1	-1	-1
3687	100	1	21426	-1	-1	-1	-1	-1	-1	-1	-1	-1	-1	-1	-1	-1	-1	-1	-1	-1	-1	-1
3688	100	1	21426	-1	-1	-1	-1	-1	-1	-1	-1	-1	-1	-1	-1	-1	-1	-1	-1	-1	-1	-1
3689	100	1	21426	-1	-1	-1	-1	-1	-1	-1	-1	-1	-1	-1	-1	-1	-1	-1	-1	-1	-1	-1
3694	100	1	21426	-1	-1	-1	-1	-1	-1	-1	-1	-1	-1	-1	-1	-1	-1	-1	-1	-1	-1	-1
3695	100	1	21426	-1	-1	-1	-1	-1	-1	-1	-1	-1	-1	-1	-1	-1	-1	-1	-1	-1	-1	-1
3696	100	1	21426	-1	-1	-1	-1	-1	-1	-1	-1	-1	-1	-1	-1	-1	-1	-1	-1	-1	-1	-1
3697	100	1	21426	-1	-1	-1	-1	-1	-1	-1	-1	-1	-1	-1	-1	-1	-1	-1	-1	-1	-1	-1
3698	100	1	21426	-1	-1	-1	-1	-1	-1	-1	-1	-1	-1	-1	-1	-1	-1	-1	-1	-1	-1	-1
3699	100	1	21426	-1	-1	-1	-1	-1	-1	-1	-1	-1	-1	-1	-1	-1	-1	-1	-1	-1	-1	-1
3704	100	1	21426	-1	-1	-1	-1	-1	-1	-1	-1	-1	-1	-1	-1	-1	-1	-1	-1	-1	-1	-1
3705	100	1	21426	-1	-1	-1	-1	-1	-1	-1	-1	-1	-1	-1	-1	-1	-1	-1	-1	-1	-1	-1
3706	100	1	21426	-1	-1	-1	-1	-1	-1	-1	-1	-1	-1	-1	-1	-1	-1	-1	-1	-1	-1	-1
3707	100	1	21426	-1	-1	-1	-1	-1	-1	-1	-1	-1	-1	-1	-1	-1	-1	-1	-1	-1	-1	-1
3708	100	1	21426	-1	-1	-1	-1	-1	-1	-1	-1	-1	-1	-1	-1	-1	-1	-1	-1	-1	-1	-1
3709	100	1	21426	-1	-1	-1	-1	-1	-1	-1	-1	-1	-1	-1	-1	-1	-1	-1	-1	-1	-1	-1
3714	100	1	21426	-1	-1	-1	-1	-1	-1	-1	-1	-1	-1	-1	-1	-1	-1	-1	-1	-1	-1	-1
3715	100	1	21426	-1	-1	-1	-1	-1	-1	-1	-1	-1	-1	-1	-1	-1	-1	-1	-1	-1	-1	-1
3716	100	1	21426	-1	-1	-1	-1	-1	-1	-1	-1	-1	-1	-1	-1	-1	-1	-1	-1	-1	-1	-1
3717	100	1	21426	-1	-1	-1	-1	-1	-1	-1	-1	-1	-1	-1	-1	-1	-1	-1	-1	-1	-1	-1
3718	100	1	21426	-1	-1	-1	-1	-1	-1	-1	-1	-1	-1	-1	-1	-1	-1	-1	-1	-1	-1	-1
3719	100	1	21426	-1	-1	-1	-1	-1	-1	-1	-1	-1	-1	-1	-1	-1	-1	-1	-1	-1	-1	-1
3724	100	1	21426	-1	-1	-1	-1	-1	-1	-1	-1	-1	-1	-1	-1	-1	-1	-1	-1	-1	-1	-1
3725	100	1	21426	-1	-1	-1	-1	-1	-1	-1	-1	-1	-1	-1	-1	-1	-1	-1	-1	-1	-1	-1
3726	100	1	21426	-1	-1	-1	-1	-1	-1	-1	-1	-1	-1	-1	-1	-1	-1	-1	-1	-1	-1	-1
3727	100	1	21426	-1	-1	-1	-1	-1	-1	-1	-1	-1	-1	-1	-1	-1	-1	-1	-1	-1	-1	-1
3728	100	1	21426	-1	-1	-1	-1	-1	-1	-1	-1	-1	-1	-1	-1	-1	-1	-1	-1	-1	-1	-1
3729	100	1	21426	-1	-1	-1	-1	-1	-1	-1	-1	-1	-1	-1	-1	-1	-1	-1	-1	-1	-1	-1
##
3789	210	1	21354	21355	-1	-1	-1	-1	-1	-1	-1	-1	-1	-1	-1	-1	-1	-1	-1	-1	-1	-1
3799	210	1	21258	21259	21440	21441	-1	-1	-1	-1	-1	-1	-1	-1	-1	-1	-1	-1	-1	-1	-1	-1
3809	210	1	21354	21355	-1	-1	-1	-1	-1	-1	-1	-1	-1	-1	-1	-1	-1	-1	-1	-1	-1	-1
3816	400	1	21258	21259	21440	21139	-1	-1	-1	-1	-1	-1	-1	-1	-1	-1	-1	-1	-1	-1	-1	-1
3817	400	1	21258	21259	21440	21139	-1	-1	-1	-1	-1	-1	-1	-1	-1	-1	-1	-1	-1	-1	-1	-1
3818	400	1	21258	21259	21440	21139	-1	-1	-1	-1	-1	-1	-1	-1	-1	-1	-1	-1	-1	-1	-1	-1
3819	400	1	21258	21259	21440	21139	-1	-1	-1	-1	-1	-1	-1	-1	-1	-1	-1	-1	-1	-1	-1	-1
##
3830	210	1	21260	21261	-1	-1	-1	-1	-1	-1	-1	-1	-1	-1	-1	-1	-1	-1	-1	-1	-1	-1
3831	210	1	21260	21261	-1	-1	-1	-1	-1	-1	-1	-1	-1	-1	-1	-1	-1	-1	-1	-1	-1	-1
3832	210	1	21260	21261	-1	-1	-1	-1	-1	-1	-1	-1	-1	-1	-1	-1	-1	-1	-1	-1	-1	-1
##
3845	100	1	21485	21486	-1	-1	-1	-1	-1	-1	-1	-1	-1	-1	-1	-1	-1	-1	-1	-1	-1	-1
3846	100	1	21485	21486	-1	-1	-1	-1	-1	-1	-1	-1	-1	-1	-1	-1	-1	-1	-1	-1	-1	-1
3847	100	1	21485	21486	-1	-1	-1	-1	-1	-1	-1	-1	-1	-1	-1	-1	-1	-1	-1	-1	-1	-1
3848	100	1	21485	21486	-1	-1	-1	-1	-1	-1	-1	-1	-1	-1	-1	-1	-1	-1	-1	-1	-1	-1
3859	210	1	21354	21355	-1	-1	-1	-1	-1	-1	-1	-1	-1	-1	-1	-1	-1	-1	-1	-1	-1	-1
3869	210	1	21354	21355	-1	-1	-1	-1	-1	-1	-1	-1	-1	-1	-1	-1	-1	-1	-1	-1	-1	-1
3891	100	1	21487	21488	21489	-1	-1	-1	-1	-1	-1	-1	-1	-1	-1	-1	-1	-1	-1	-1	-1	-1
4080	6	1	21264	21265	21267	-1	-1	-1	-1	-1	-1	-1	-1	-1	-1	-1	-1	-1	-1	-1	-1	-1
4081	6	1	21264	21265	21267	-1	-1	-1	-1	-1	-1	-1	-1	-1	-1	-1	-1	-1	-1	-1	-1	-1
4082	6	1	21264	21265	21267	-1	-1	-1	-1	-1	-1	-1	-1	-1	-1	-1	-1	-1	-1	-1	-1	-1
4083	6	1	21264	21265	21267	-1	-1	-1	-1	-1	-1	-1	-1	-1	-1	-1	-1	-1	-1	-1	-1	-1
4084	6	1	21264	21265	21267	-1	-1	-1	-1	-1	-1	-1	-1	-1	-1	-1	-1	-1	-1	-1	-1	-1
4085	6	1	21264	21265	21267	-1	-1	-1	-1	-1	-1	-1	-1	-1	-1	-1	-1	-1	-1	-1	-1	-1
4086	6	1	21264	21265	21267	-1	-1	-1	-1	-1	-1	-1	-1	-1	-1	-1	-1	-1	-1	-1	-1	-1
4087	6	1	21264	21265	21267	-1	-1	-1	-1	-1	-1	-1	-1	-1	-1	-1	-1	-1	-1	-1	-1	-1
4088	6	1	21264	21265	21267	-1	-1	-1	-1	-1	-1	-1	-1	-1	-1	-1	-1	-1	-1	-1	-1	-1
4089	6	1	21264	21265	21267	-1	-1	-1	-1	-1	-1	-1	-1	-1	-1	-1	-1	-1	-1	-1	-1	-1
4090	6	1	21264	21265	21267	-1	-1	-1	-1	-1	-1	-1	-1	-1	-1	-1	-1	-1	-1	-1	-1	-1
4091	6	1	21264	21265	21267	-1	-1	-1	-1	-1	-1	-1	-1	-1	-1	-1	-1	-1	-1	-1	-1	-1
4092	6	1	21264	21265	21267	-1	-1	-1	-1	-1	-1	-1	-1	-1	-1	-1	-1	-1	-1	-1	-1	-1
4093	6	1	21264	21265	21267	-1	-1	-1	-1	-1	-1	-1	-1	-1	-1	-1	-1	-1	-1	-1	-1	-1
4094	6	1	21264	21265	21267	-1	-1	-1	-1	-1	-1	-1	-1	-1	-1	-1	-1	-1	-1	-1	-1	-1
4095	6	1	21264	21265	21267	-1	-1	-1	-1	-1	-1	-1	-1	-1	-1	-1	-1	-1	-1	-1	-1	-1
4096	6	1	21264	21265	21267	-1	-1	-1	-1	-1	-1	-1	-1	-1	-1	-1	-1	-1	-1	-1	-1	-1
4097	6	1	21264	21265	21267	-1	-1	-1	-1	-1	-1	-1	-1	-1	-1	-1	-1	-1	-1	-1	-1	-1
4098	6	1	21264	21265	21267	-1	-1	-1	-1	-1	-1	-1	-1	-1	-1	-1	-1	-1	-1	-1	-1	-1
4099	6	1	21264	21265	21267	-1	-1	-1	-1	-1	-1	-1	-1	-1	-1	-1	-1	-1	-1	-1	-1	-1
4100	6	1	21264	21265	21267	-1	-1	-1	-1	-1	-1	-1	-1	-1	-1	-1	-1	-1	-1	-1	-1	-1
4101	6	1	21264	21265	21267	-1	-1	-1	-1	-1	-1	-1	-1	-1	-1	-1	-1	-1	-1	-1	-1	-1
4102	6	1	21264	21265	21267	-1	-1	-1	-1	-1	-1	-1	-1	-1	-1	-1	-1	-1	-1	-1	-1	-1
4103	6	1	21264	21265	21267	-1	-1	-1	-1	-1	-1	-1	-1	-1	-1	-1	-1	-1	-1	-1	-1	-1
4104	6	1	21264	21265	21267	-1	-1	-1	-1	-1	-1	-1	-1	-1	-1	-1	-1	-1	-1	-1	-1	-1
4105	6	1	21264	21265	21267	-1	-1	-1	-1	-1	-1	-1	-1	-1	-1	-1	-1	-1	-1	-1	-1	-1
4106	6	1	21264	21265	21267	-1	-1	-1	-1	-1	-1	-1	-1	-1	-1	-1	-1	-1	-1	-1	-1	-1
4107	6	1	21264	21265	21267	-1	-1	-1	-1	-1	-1	-1	-1	-1	-1	-1	-1	-1	-1	-1	-1	-1
4108	6	1	21264	21265	21267	-1	-1	-1	-1	-1	-1	-1	-1	-1	-1	-1	-1	-1	-1	-1	-1	-1
4109	6	1	21264	21265	21267	-1	-1	-1	-1	-1	-1	-1	-1	-1	-1	-1	-1	-1	-1	-1	-1	-1
4120	6	1	21264	21265	21267	-1	-1	-1	-1	-1	-1	-1	-1	-1	-1	-1	-1	-1	-1	-1	-1	-1
4121	6	1	21264	21265	21267	-1	-1	-1	-1	-1	-1	-1	-1	-1	-1	-1	-1	-1	-1	-1	-1	-1
4122	6	1	21264	21265	21267	-1	-1	-1	-1	-1	-1	-1	-1	-1	-1	-1	-1	-1	-1	-1	-1	-1
4123	6	1	21264	21265	21267	-1	-1	-1	-1	-1	-1	-1	-1	-1	-1	-1	-1	-1	-1	-1	-1	-1
4124	6	1	21264	21265	21267	-1	-1	-1	-1	-1	-1	-1	-1	-1	-1	-1	-1	-1	-1	-1	-1	-1
4125	6	1	21264	21265	21267	-1	-1	-1	-1	-1	-1	-1	-1	-1	-1	-1	-1	-1	-1	-1	-1	-1
4126	6	1	21264	21265	21267	-1	-1	-1	-1	-1	-1	-1	-1	-1	-1	-1	-1	-1	-1	-1	-1	-1
4127	6	1	21264	21265	21267	-1	-1	-1	-1	-1	-1	-1	-1	-1	-1	-1	-1	-1	-1	-1	-1	-1
4128	6	1	21264	21265	21267	-1	-1	-1	-1	-1	-1	-1	-1	-1	-1	-1	-1	-1	-1	-1	-1	-1
4129	6	1	21264	21265	21267	-1	-1	-1	-1	-1	-1	-1	-1	-1	-1	-1	-1	-1	-1	-1	-1	-1
##除匪首力破三关
4130	6	1	21264	21265	21267	21513	-1	-1	-1	-1	-1	-1	-1	-1	-1	-1	-1	-1	-1	-1	-1	-1
4131	6	1	21264	21265	21267	21513	-1	-1	-1	-1	-1	-1	-1	-1	-1	-1	-1	-1	-1	-1	-1	-1
4132	6	1	21264	21265	21267	21513	-1	-1	-1	-1	-1	-1	-1	-1	-1	-1	-1	-1	-1	-1	-1	-1
4133	6	1	21264	21265	21267	21513	-1	-1	-1	-1	-1	-1	-1	-1	-1	-1	-1	-1	-1	-1	-1	-1
4134	6	1	21264	21265	21267	21513	-1	-1	-1	-1	-1	-1	-1	-1	-1	-1	-1	-1	-1	-1	-1	-1
4135	6	1	21264	21265	21267	21513	-1	-1	-1	-1	-1	-1	-1	-1	-1	-1	-1	-1	-1	-1	-1	-1
4136	6	1	21264	21265	21267	21513	-1	-1	-1	-1	-1	-1	-1	-1	-1	-1	-1	-1	-1	-1	-1	-1
4137	6	1	21264	21265	21267	21513	-1	-1	-1	-1	-1	-1	-1	-1	-1	-1	-1	-1	-1	-1	-1	-1
4138	6	1	21264	21265	21267	21513	-1	-1	-1	-1	-1	-1	-1	-1	-1	-1	-1	-1	-1	-1	-1	-1
4139	6	1	21264	21265	21267	21513	-1	-1	-1	-1	-1	-1	-1	-1	-1	-1	-1	-1	-1	-1	-1	-1
##
9100	210	1	21179	21272	21273	21274	21276	21387	21414	21418	21521	-1	-1	-1	-1	-1	-1	-1	-1	-1	-1	-1
9101	210	1	21179	21272	21273	21274	21276	21387	21414	-1	-1	-1	-1	-1	-1	-1	-1	-1	-1	-1	-1	-1
9102	210	1	21179	21272	21273	21274	21276	21387	21414	-1	-1	-1	-1	-1	-1	-1	-1	-1	-1	-1	-1	-1
9103	210	1	21179	21272	21273	21274	21276	21387	21414	-1	-1	-1	-1	-1	-1	-1	-1	-1	-1	-1	-1	-1
9104	210	1	21179	21272	21273	21274	21276	21387	21414	-1	-1	-1	-1	-1	-1	-1	-1	-1	-1	-1	-1	-1
9105	210	1	21179	21272	21273	21274	21276	21387	21414	-1	-1	-1	-1	-1	-1	-1	-1	-1	-1	-1	-1	-1
9106	210	1	21179	21272	21273	21274	21276	21387	21414	-1	-1	-1	-1	-1	-1	-1	-1	-1	-1	-1	-1	-1
9107	210	1	21179	21272	21273	21274	21276	21387	21414	-1	-1	-1	-1	-1	-1	-1	-1	-1	-1	-1	-1	-1
9108	210	1	21179	21272	21273	21274	21276	21387	21414	-1	-1	-1	-1	-1	-1	-1	-1	-1	-1	-1	-1	-1
9109	210	1	21179	21272	21273	21274	21276	21387	21414	-1	-1	-1	-1	-1	-1	-1	-1	-1	-1	-1	-1	-1
##金刚
9110	210	1	21414	21514	21515	21516	21517	21518	21519	21520	-1	-1	-1	-1	-1	-1	-1	-1	-1	-1	-1	-1
9111	210	1	21414	21514	21515	21516	21517	21518	21519	-1	-1	-1	-1	-1	-1	-1	-1	-1	-1	-1	-1	-1
9112	210	1	21414	21514	21515	21516	21517	21518	21519	-1	-1	-1	-1	-1	-1	-1	-1	-1	-1	-1	-1	-1
9113	210	1	21414	21514	21515	21516	21517	21518	21519	-1	-1	-1	-1	-1	-1	-1	-1	-1	-1	-1	-1	-1
9114	210	1	21414	21514	21515	21516	21517	21518	21519	-1	-1	-1	-1	-1	-1	-1	-1	-1	-1	-1	-1	-1
9115	210	1	21414	21514	21515	21516	21517	21518	21519	-1	-1	-1	-1	-1	-1	-1	-1	-1	-1	-1	-1	-1
9116	210	1	21414	21514	21515	21516	21517	21518	21519	-1	-1	-1	-1	-1	-1	-1	-1	-1	-1	-1	-1	-1
9117	210	1	21414	21514	21515	21516	21517	21518	21519	-1	-1	-1	-1	-1	-1	-1	-1	-1	-1	-1	-1	-1
9118	210	1	21414	21514	21515	21516	21517	21518	21519	-1	-1	-1	-1	-1	-1	-1	-1	-1	-1	-1	-1	-1
9119	210	1	21414	21514	21515	21516	21517	21518	21519	-1	-1	-1	-1	-1	-1	-1	-1	-1	-1	-1	-1	-1
##冰妖
9120	210	1	21414	21522	21523	21524	21525	21526	21527	21528	-1	-1	-1	-1	-1	-1	-1	-1	-1	-1	-1	-1
9121	210	1	21414	21522	21523	21524	21525	21526	21527	-1	-1	-1	-1	-1	-1	-1	-1	-1	-1	-1	-1	-1
9122	210	1	21414	21522	21523	21524	21525	21526	21527	-1	-1	-1	-1	-1	-1	-1	-1	-1	-1	-1	-1	-1
9123	210	1	21414	21522	21523	21524	21525	21526	21527	-1	-1	-1	-1	-1	-1	-1	-1	-1	-1	-1	-1	-1
9124	210	1	21414	21522	21523	21524	21525	21526	21527	-1	-1	-1	-1	-1	-1	-1	-1	-1	-1	-1	-1	-1
9125	210	1	21414	21522	21523	21524	21525	21526	21527	-1	-1	-1	-1	-1	-1	-1	-1	-1	-1	-1	-1	-1
9126	210	1	21414	21522	21523	21524	21525	21526	21527	-1	-1	-1	-1	-1	-1	-1	-1	-1	-1	-1	-1	-1
9127	210	1	21414	21522	21523	21524	21525	21526	21527	-1	-1	-1	-1	-1	-1	-1	-1	-1	-1	-1	-1	-1
9128	210	1	21414	21522	21523	21524	21525	21526	21527	-1	-1	-1	-1	-1	-1	-1	-1	-1	-1	-1	-1	-1
9129	210	1	21414	21522	21523	21524	21525	21526	21527	-1	-1	-1	-1	-1	-1	-1	-1	-1	-1	-1	-1	-1
##小白
9130	210	1	21414	21529	21530	21531	21532	21533	21534	21535	-1	-1	-1	-1	-1	-1	-1	-1	-1	-1	-1	-1
9131	210	1	21414	21529	21530	21531	21532	21533	21534	-1	-1	-1	-1	-1	-1	-1	-1	-1	-1	-1	-1	-1
9132	210	1	21414	21529	21530	21531	21532	21533	21534	-1	-1	-1	-1	-1	-1	-1	-1	-1	-1	-1	-1	-1
9133	210	1	21414	21529	21530	21531	21532	21533	21534	-1	-1	-1	-1	-1	-1	-1	-1	-1	-1	-1	-1	-1
9134	210	1	21414	21529	21530	21531	21532	21533	21534	-1	-1	-1	-1	-1	-1	-1	-1	-1	-1	-1	-1	-1
9135	210	1	21414	21529	21530	21531	21532	21533	21534	-1	-1	-1	-1	-1	-1	-1	-1	-1	-1	-1	-1	-1
9136	210	1	21414	21529	21530	21531	21532	21533	21534	-1	-1	-1	-1	-1	-1	-1	-1	-1	-1	-1	-1	-1
9137	210	1	21414	21529	21530	21531	21532	21533	21534	-1	-1	-1	-1	-1	-1	-1	-1	-1	-1	-1	-1	-1
9138	210	1	21414	21529	21530	21531	21532	21533	21534	-1	-1	-1	-1	-1	-1	-1	-1	-1	-1	-1	-1	-1
9139	210	1	21414	21529	21530	21531	21532	21533	21534	-1	-1	-1	-1	-1	-1	-1	-1	-1	-1	-1	-1	-1
##
9325	10	1	21277	21278	21490	21491	21492	-1	-1	-1	-1	-1	-1	-1	-1	-1	-1	-1	-1	-1	-1	-1
9326	10	1	21277	21278	21490	21491	21492	-1	-1	-1	-1	-1	-1	-1	-1	-1	-1	-1	-1	-1	-1	-1
9327	10	1	21277	21278	21490	21491	21492	-1	-1	-1	-1	-1	-1	-1	-1	-1	-1	-1	-1	-1	-1	-1
9328	10	1	21277	21278	21490	21491	21492	-1	-1	-1	-1	-1	-1	-1	-1	-1	-1	-1	-1	-1	-1	-1
9329	10	1	21277	21278	21490	21491	21492	-1	-1	-1	-1	-1	-1	-1	-1	-1	-1	-1	-1	-1	-1	-1
9335	10	1	21277	21278	-1	-1	-1	-1	-1	-1	-1	-1	-1	-1	-1	-1	-1	-1	-1	-1	-1	-1
9336	10	1	21277	21278	-1	-1	-1	-1	-1	-1	-1	-1	-1	-1	-1	-1	-1	-1	-1	-1	-1	-1
9337	10	1	21277	21278	-1	-1	-1	-1	-1	-1	-1	-1	-1	-1	-1	-1	-1	-1	-1	-1	-1	-1
9338	10	1	21277	21278	-1	-1	-1	-1	-1	-1	-1	-1	-1	-1	-1	-1	-1	-1	-1	-1	-1	-1
9339	10	1	21277	21278	-1	-1	-1	-1	-1	-1	-1	-1	-1	-1	-1	-1	-1	-1	-1	-1	-1	-1
9345	10	1	21277	21278	-1	-1	-1	-1	-1	-1	-1	-1	-1	-1	-1	-1	-1	-1	-1	-1	-1	-1
9346	10	1	21277	21278	-1	-1	-1	-1	-1	-1	-1	-1	-1	-1	-1	-1	-1	-1	-1	-1	-1	-1
9347	10	1	21277	21278	-1	-1	-1	-1	-1	-1	-1	-1	-1	-1	-1	-1	-1	-1	-1	-1	-1	-1
9348	10	1	21277	21278	-1	-1	-1	-1	-1	-1	-1	-1	-1	-1	-1	-1	-1	-1	-1	-1	-1	-1
9349	10	1	21277	21278	-1	-1	-1	-1	-1	-1	-1	-1	-1	-1	-1	-1	-1	-1	-1	-1	-1	-1
9355	10	1	21277	21278	-1	-1	-1	-1	-1	-1	-1	-1	-1	-1	-1	-1	-1	-1	-1	-1	-1	-1
9356	10	1	21277	21278	-1	-1	-1	-1	-1	-1	-1	-1	-1	-1	-1	-1	-1	-1	-1	-1	-1	-1
9357	10	1	21277	21278	-1	-1	-1	-1	-1	-1	-1	-1	-1	-1	-1	-1	-1	-1	-1	-1	-1	-1
9358	10	1	21277	21278	-1	-1	-1	-1	-1	-1	-1	-1	-1	-1	-1	-1	-1	-1	-1	-1	-1	-1
9359	10	1	21277	21278	-1	-1	-1	-1	-1	-1	-1	-1	-1	-1	-1	-1	-1	-1	-1	-1	-1	-1
9365	10	1	21277	21278	-1	-1	-1	-1	-1	-1	-1	-1	-1	-1	-1	-1	-1	-1	-1	-1	-1	-1
9366	10	1	21277	21278	-1	-1	-1	-1	-1	-1	-1	-1	-1	-1	-1	-1	-1	-1	-1	-1	-1	-1
9367	10	1	21277	21278	-1	-1	-1	-1	-1	-1	-1	-1	-1	-1	-1	-1	-1	-1	-1	-1	-1	-1
9368	10	1	21277	21278	-1	-1	-1	-1	-1	-1	-1	-1	-1	-1	-1	-1	-1	-1	-1	-1	-1	-1
9369	10	1	21277	21278	-1	-1	-1	-1	-1	-1	-1	-1	-1	-1	-1	-1	-1	-1	-1	-1	-1	-1
9375	10	1	21277	21278	-1	-1	-1	-1	-1	-1	-1	-1	-1	-1	-1	-1	-1	-1	-1	-1	-1	-1
9376	10	1	21277	21278	-1	-1	-1	-1	-1	-1	-1	-1	-1	-1	-1	-1	-1	-1	-1	-1	-1	-1
9377	10	1	21277	21278	-1	-1	-1	-1	-1	-1	-1	-1	-1	-1	-1	-1	-1	-1	-1	-1	-1	-1
9378	10	1	21277	21278	-1	-1	-1	-1	-1	-1	-1	-1	-1	-1	-1	-1	-1	-1	-1	-1	-1	-1
9379	10	1	21277	21278	-1	-1	-1	-1	-1	-1	-1	-1	-1	-1	-1	-1	-1	-1	-1	-1	-1	-1
9385	10	1	21277	21278	21493	21494	21495	21496	-1	-1	-1	-1	-1	-1	-1	-1	-1	-1	-1	-1	-1	-1
9386	10	1	21277	21278	21493	21494	21495	21496	-1	-1	-1	-1	-1	-1	-1	-1	-1	-1	-1	-1	-1	-1
9387	10	1	21277	21278	21493	21494	21495	21496	-1	-1	-1	-1	-1	-1	-1	-1	-1	-1	-1	-1	-1	-1
9388	10	1	21277	21278	21493	21494	21495	21496	-1	-1	-1	-1	-1	-1	-1	-1	-1	-1	-1	-1	-1	-1
9389	10	1	21277	21278	21493	21494	21495	21496	-1	-1	-1	-1	-1	-1	-1	-1	-1	-1	-1	-1	-1	-1
9395	10	1	21277	21278	-1	-1	-1	-1	-1	-1	-1	-1	-1	-1	-1	-1	-1	-1	-1	-1	-1	-1
9396	10	1	21277	21278	-1	-1	-1	-1	-1	-1	-1	-1	-1	-1	-1	-1	-1	-1	-1	-1	-1	-1
9397	10	1	21277	21278	-1	-1	-1	-1	-1	-1	-1	-1	-1	-1	-1	-1	-1	-1	-1	-1	-1	-1
9398	10	1	21277	21278	-1	-1	-1	-1	-1	-1	-1	-1	-1	-1	-1	-1	-1	-1	-1	-1	-1	-1
9399	10	1	21277	21278	-1	-1	-1	-1	-1	-1	-1	-1	-1	-1	-1	-1	-1	-1	-1	-1	-1	-1
9405	10	1	21277	21278	-1	-1	-1	-1	-1	-1	-1	-1	-1	-1	-1	-1	-1	-1	-1	-1	-1	-1
9406	10	1	21277	21278	-1	-1	-1	-1	-1	-1	-1	-1	-1	-1	-1	-1	-1	-1	-1	-1	-1	-1
9407	10	1	21277	21278	-1	-1	-1	-1	-1	-1	-1	-1	-1	-1	-1	-1	-1	-1	-1	-1	-1	-1
9408	10	1	21277	21278	-1	-1	-1	-1	-1	-1	-1	-1	-1	-1	-1	-1	-1	-1	-1	-1	-1	-1
9409	10	1	21277	21278	-1	-1	-1	-1	-1	-1	-1	-1	-1	-1	-1	-1	-1	-1	-1	-1	-1	-1
9415	10	1	21277	21278	-1	-1	-1	-1	-1	-1	-1	-1	-1	-1	-1	-1	-1	-1	-1	-1	-1	-1
9416	10	1	21277	21278	-1	-1	-1	-1	-1	-1	-1	-1	-1	-1	-1	-1	-1	-1	-1	-1	-1	-1
9417	10	1	21277	21278	-1	-1	-1	-1	-1	-1	-1	-1	-1	-1	-1	-1	-1	-1	-1	-1	-1	-1
9418	10	1	21277	21278	-1	-1	-1	-1	-1	-1	-1	-1	-1	-1	-1	-1	-1	-1	-1	-1	-1	-1
9419	10	1	21277	21278	-1	-1	-1	-1	-1	-1	-1	-1	-1	-1	-1	-1	-1	-1	-1	-1	-1	-1
9425	10	1	21277	21278	-1	-1	-1	-1	-1	-1	-1	-1	-1	-1	-1	-1	-1	-1	-1	-1	-1	-1
9426	10	1	21277	21278	-1	-1	-1	-1	-1	-1	-1	-1	-1	-1	-1	-1	-1	-1	-1	-1	-1	-1
9427	10	1	21277	21278	-1	-1	-1	-1	-1	-1	-1	-1	-1	-1	-1	-1	-1	-1	-1	-1	-1	-1
9428	10	1	21277	21278	-1	-1	-1	-1	-1	-1	-1	-1	-1	-1	-1	-1	-1	-1	-1	-1	-1	-1
9429	10	1	21277	21278	-1	-1	-1	-1	-1	-1	-1	-1	-1	-1	-1	-1	-1	-1	-1	-1	-1	-1
##燕子坞
9435	210	1	21279	21280	21281	21282	21383	21484	-1	-1	-1	-1	-1	-1	-1	-1	-1	-1	-1	-1	-1	-1
9436	210	1	21279	21280	21281	21282	21383	21484	-1	-1	-1	-1	-1	-1	-1	-1	-1	-1	-1	-1	-1	-1
9437	210	1	21279	21280	21281	21282	21383	21484	-1	-1	-1	-1	-1	-1	-1	-1	-1	-1	-1	-1	-1	-1
9438	210	1	21279	21280	21281	21282	21383	21484	-1	-1	-1	-1	-1	-1	-1	-1	-1	-1	-1	-1	-1	-1
9439	210	1	21279	21280	21281	21282	21383	21484	-1	-1	-1	-1	-1	-1	-1	-1	-1	-1	-1	-1	-1	-1
##
9450	10	1	21283	-1	-1	-1	-1	-1	-1	-1	-1	-1	-1	-1	-1	-1	-1	-1	-1	-1	-1	-1
9451	10	1	21283	-1	-1	-1	-1	-1	-1	-1	-1	-1	-1	-1	-1	-1	-1	-1	-1	-1	-1	-1
9452	10	1	21283	-1	-1	-1	-1	-1	-1	-1	-1	-1	-1	-1	-1	-1	-1	-1	-1	-1	-1	-1
9453	10	1	21283	-1	-1	-1	-1	-1	-1	-1	-1	-1	-1	-1	-1	-1	-1	-1	-1	-1	-1	-1
9454	10	1	21283	-1	-1	-1	-1	-1	-1	-1	-1	-1	-1	-1	-1	-1	-1	-1	-1	-1	-1	-1
9455	10	1	21283	-1	-1	-1	-1	-1	-1	-1	-1	-1	-1	-1	-1	-1	-1	-1	-1	-1	-1	-1
9456	10	1	21283	-1	-1	-1	-1	-1	-1	-1	-1	-1	-1	-1	-1	-1	-1	-1	-1	-1	-1	-1
9457	10	1	21283	-1	-1	-1	-1	-1	-1	-1	-1	-1	-1	-1	-1	-1	-1	-1	-1	-1	-1	-1
9458	10	1	21283	-1	-1	-1	-1	-1	-1	-1	-1	-1	-1	-1	-1	-1	-1	-1	-1	-1	-1	-1
9459	10	1	21283	-1	-1	-1	-1	-1	-1	-1	-1	-1	-1	-1	-1	-1	-1	-1	-1	-1	-1	-1
9540	370	1	21284	21287	21291	21506	21507	-1	-1	-1	-1	-1	-1	-1	-1	-1	-1	-1	-1	-1	-1	-1
9541	370	1	21284	21287	21291	21506	21507	-1	-1	-1	-1	-1	-1	-1	-1	-1	-1	-1	-1	-1	-1	-1
9543	370	1	21284	21287	21291	21506	21507	-1	-1	-1	-1	-1	-1	-1	-1	-1	-1	-1	-1	-1	-1	-1
#大缥
9546	370	1	21284	21287	21291	21506	21507	-1	-1	-1	-1	-1	-1	-1	-1	-1	-1	-1	-1	-1	-1	-1
9547	370	1	21284	21287	21291	21506	21507	-1	-1	-1	-1	-1	-1	-1	-1	-1	-1	-1	-1	-1	-1	-1
##
9660	370	1	21284	21287	21291	21506	21507	-1	-1	-1	-1	-1	-1	-1	-1	-1	-1	-1	-1	-1	-1	-1
9661	370	1	21284	21287	21291	21506	21507	-1	-1	-1	-1	-1	-1	-1	-1	-1	-1	-1	-1	-1	-1	-1
9663	370	1	21284	21287	21291	21506	21507	-1	-1	-1	-1	-1	-1	-1	-1	-1	-1	-1	-1	-1	-1	-1
##缥缈
9666	370	1	21284	21287	21291	21506	21507	-1	-1	-1	-1	-1	-1	-1	-1	-1	-1	-1	-1	-1	-1	-1
9667	370	1	21284	21287	21291	21506	21507	-1	-1	-1	-1	-1	-1	-1	-1	-1	-1	-1	-1	-1	-1	-1
10092	210	1	21292	21293	21294	-1	-1	-1	-1	-1	-1	-1	-1	-1	-1	-1	-1	-1	-1	-1	-1	-1
10998	80	1	21443	-1	-1	-1	-1	-1	-1	-1	-1	-1	-1	-1	-1	-1	-1	-1	-1	-1	-1	-1
10999	80	1	21443	-1	-1	-1	-1	-1	-1	-1	-1	-1	-1	-1	-1	-1	-1	-1	-1	-1	-1	-1
11000	80	1	21443	-1	-1	-1	-1	-1	-1	-1	-1	-1	-1	-1	-1	-1	-1	-1	-1	-1	-1	-1
11001	80	1	21443	-1	-1	-1	-1	-1	-1	-1	-1	-1	-1	-1	-1	-1	-1	-1	-1	-1	-1	-1
11313	210	1	21295	21296	21297	21302	-1	-1	-1	-1	-1	-1	-1	-1	-1	-1	-1	-1	-1	-1	-1	-1
##龙龟
11353	210	1	21298	21299	21300	21301	21382	21505	-1	-1	-1	-1	-1	-1	-1	-1	-1	-1	-1	-1	-1	-1
##
11392	210	1	21303	21304	21305	-1	-1	-1	-1	-1	-1	-1	-1	-1	-1	-1	-1	-1	-1	-1	-1	-1
12008	100	1	21511	21512	-1	-1	-1	-1	-1	-1	-1	-1	-1	-1	-1	-1	-1	-1	-1	-1	-1	-1
12009	100	1	21511	21512	-1	-1	-1	-1	-1	-1	-1	-1	-1	-1	-1	-1	-1	-1	-1	-1	-1	-1
12018	100	1	21511	21512	-1	-1	-1	-1	-1	-1	-1	-1	-1	-1	-1	-1	-1	-1	-1	-1	-1	-1
12019	100	1	21511	21512	-1	-1	-1	-1	-1	-1	-1	-1	-1	-1	-1	-1	-1	-1	-1	-1	-1	-1
12028	100	1	21511	21512	-1	-1	-1	-1	-1	-1	-1	-1	-1	-1	-1	-1	-1	-1	-1	-1	-1	-1
12029	100	1	21511	21512	-1	-1	-1	-1	-1	-1	-1	-1	-1	-1	-1	-1	-1	-1	-1	-1	-1	-1
12038	100	1	21511	21512	-1	-1	-1	-1	-1	-1	-1	-1	-1	-1	-1	-1	-1	-1	-1	-1	-1	-1
12039	100	1	21511	21512	-1	-1	-1	-1	-1	-1	-1	-1	-1	-1	-1	-1	-1	-1	-1	-1	-1	-1
12045	210	1	21229	21230	21231	21232	21233	21474	-1	-1	-1	-1	-1	-1	-1	-1	-1	-1	-1	-1	-1	-1
12046	210	1	21229	21230	21231	21232	21233	21474	-1	-1	-1	-1	-1	-1	-1	-1	-1	-1	-1	-1	-1	-1
12047	210	1	21229	21230	21231	21232	21233	21474	-1	-1	-1	-1	-1	-1	-1	-1	-1	-1	-1	-1	-1	-1
12048	210	1	21229	21230	21231	21232	21233	21474	-1	-1	-1	-1	-1	-1	-1	-1	-1	-1	-1	-1	-1	-1
12049	210	1	21229	21230	21231	21232	21233	21474	-1	-1	-1	-1	-1	-1	-1	-1	-1	-1	-1	-1	-1	-1
12090	210	1	21229	21230	21231	21232	21233	21474	-1	-1	-1	-1	-1	-1	-1	-1	-1	-1	-1	-1	-1	-1
12091	210	1	21229	21230	21231	21232	21233	21474	-1	-1	-1	-1	-1	-1	-1	-1	-1	-1	-1	-1	-1	-1
12092	210	1	21229	21230	21231	21232	21233	21474	-1	-1	-1	-1	-1	-1	-1	-1	-1	-1	-1	-1	-1	-1
12093	210	1	21229	21230	21231	21232	21233	21474	-1	-1	-1	-1	-1	-1	-1	-1	-1	-1	-1	-1	-1	-1
12094	210	1	21229	21230	21231	21232	21233	21474	-1	-1	-1	-1	-1	-1	-1	-1	-1	-1	-1	-1	-1	-1
12095	210	1	21229	21230	21231	21232	21233	21474	-1	-1	-1	-1	-1	-1	-1	-1	-1	-1	-1	-1	-1	-1
12096	210	1	21229	21230	21231	21232	21233	21474	-1	-1	-1	-1	-1	-1	-1	-1	-1	-1	-1	-1	-1	-1
12097	210	1	21229	21230	21231	21232	21233	21474	-1	-1	-1	-1	-1	-1	-1	-1	-1	-1	-1	-1	-1	-1
12098	210	1	21229	21230	21231	21232	21233	21474	-1	-1	-1	-1	-1	-1	-1	-1	-1	-1	-1	-1	-1	-1
12099	210	1	21229	21230	21231	21232	21233	21474	-1	-1	-1	-1	-1	-1	-1	-1	-1	-1	-1	-1	-1	-1
12111	100	1	21475	-1	-1	-1	-1	-1	-1	-1	-1	-1	-1	-1	-1	-1	-1	-1	-1	-1	-1	-1
12112	100	1	21475	-1	-1	-1	-1	-1	-1	-1	-1	-1	-1	-1	-1	-1	-1	-1	-1	-1	-1	-1
12113	100	1	21475	-1	-1	-1	-1	-1	-1	-1	-1	-1	-1	-1	-1	-1	-1	-1	-1	-1	-1	-1
12114	100	1	21475	-1	-1	-1	-1	-1	-1	-1	-1	-1	-1	-1	-1	-1	-1	-1	-1	-1	-1	-1
12115	100	1	21475	-1	-1	-1	-1	-1	-1	-1	-1	-1	-1	-1	-1	-1	-1	-1	-1	-1	-1	-1
12116	100	1	21475	-1	-1	-1	-1	-1	-1	-1	-1	-1	-1	-1	-1	-1	-1	-1	-1	-1	-1	-1
12117	100	1	21475	-1	-1	-1	-1	-1	-1	-1	-1	-1	-1	-1	-1	-1	-1	-1	-1	-1	-1	-1
12120	100	1	21475	-1	-1	-1	-1	-1	-1	-1	-1	-1	-1	-1	-1	-1	-1	-1	-1	-1	-1	-1
12121	100	1	21475	-1	-1	-1	-1	-1	-1	-1	-1	-1	-1	-1	-1	-1	-1	-1	-1	-1	-1	-1
12122	100	1	21475	-1	-1	-1	-1	-1	-1	-1	-1	-1	-1	-1	-1	-1	-1	-1	-1	-1	-1	-1
12123	100	1	21475	-1	-1	-1	-1	-1	-1	-1	-1	-1	-1	-1	-1	-1	-1	-1	-1	-1	-1	-1
12124	100	1	21475	-1	-1	-1	-1	-1	-1	-1	-1	-1	-1	-1	-1	-1	-1	-1	-1	-1	-1	-1
12125	100	1	21475	-1	-1	-1	-1	-1	-1	-1	-1	-1	-1	-1	-1	-1	-1	-1	-1	-1	-1	-1
12126	100	1	21475	-1	-1	-1	-1	-1	-1	-1	-1	-1	-1	-1	-1	-1	-1	-1	-1	-1	-1	-1
12127	100	1	21475	-1	-1	-1	-1	-1	-1	-1	-1	-1	-1	-1	-1	-1	-1	-1	-1	-1	-1	-1
12128	100	1	21475	-1	-1	-1	-1	-1	-1	-1	-1	-1	-1	-1	-1	-1	-1	-1	-1	-1	-1	-1
12129	100	1	21475	-1	-1	-1	-1	-1	-1	-1	-1	-1	-1	-1	-1	-1	-1	-1	-1	-1	-1	-1
12130	100	1	21475	-1	-1	-1	-1	-1	-1	-1	-1	-1	-1	-1	-1	-1	-1	-1	-1	-1	-1	-1
12131	100	1	21475	-1	-1	-1	-1	-1	-1	-1	-1	-1	-1	-1	-1	-1	-1	-1	-1	-1	-1	-1
12132	100	1	21475	-1	-1	-1	-1	-1	-1	-1	-1	-1	-1	-1	-1	-1	-1	-1	-1	-1	-1	-1
12133	100	1	21475	-1	-1	-1	-1	-1	-1	-1	-1	-1	-1	-1	-1	-1	-1	-1	-1	-1	-1	-1
12134	100	1	21475	-1	-1	-1	-1	-1	-1	-1	-1	-1	-1	-1	-1	-1	-1	-1	-1	-1	-1	-1
12135	100	1	21475	-1	-1	-1	-1	-1	-1	-1	-1	-1	-1	-1	-1	-1	-1	-1	-1	-1	-1	-1
12136	100	1	21475	-1	-1	-1	-1	-1	-1	-1	-1	-1	-1	-1	-1	-1	-1	-1	-1	-1	-1	-1
12137	100	1	21475	-1	-1	-1	-1	-1	-1	-1	-1	-1	-1	-1	-1	-1	-1	-1	-1	-1	-1	-1
##楼兰寻宝
12138	210	1	21308	21309	21310	21116	21262	-1	-1	-1	-1	-1	-1	-1	-1	-1	-1	-1	-1	-1	-1	-1
12139	210	1	21308	21309	21310	21116	21262	-1	-1	-1	-1	-1	-1	-1	-1	-1	-1	-1	-1	-1	-1	-1
12140	210	1	21308	21309	21310	21116	21262	-1	-1	-1	-1	-1	-1	-1	-1	-1	-1	-1	-1	-1	-1	-1
12141	210	1	21308	21309	21310	21116	21262	-1	-1	-1	-1	-1	-1	-1	-1	-1	-1	-1	-1	-1	-1	-1
12142	210	1	21308	21309	21310	21116	21262	-1	-1	-1	-1	-1	-1	-1	-1	-1	-1	-1	-1	-1	-1	-1
12143	210	1	21308	21309	21310	21116	21262	-1	-1	-1	-1	-1	-1	-1	-1	-1	-1	-1	-1	-1	-1	-1
12144	210	1	21308	21309	21310	21116	21262	-1	-1	-1	-1	-1	-1	-1	-1	-1	-1	-1	-1	-1	-1	-1
12145	210	1	21308	21309	21310	21116	21262	-1	-1	-1	-1	-1	-1	-1	-1	-1	-1	-1	-1	-1	-1	-1
12146	210	1	21308	21309	21310	21116	21262	-1	-1	-1	-1	-1	-1	-1	-1	-1	-1	-1	-1	-1	-1	-1
13020	188	1	21311	21285	21286	-1	-1	-1	-1	-1	-1	-1	-1	-1	-1	-1	-1	-1	-1	-1	-1	-1
13021	188	1	21311	21285	21286	-1	-1	-1	-1	-1	-1	-1	-1	-1	-1	-1	-1	-1	-1	-1	-1	-1
13022	188	1	21311	21285	21286	-1	-1	-1	-1	-1	-1	-1	-1	-1	-1	-1	-1	-1	-1	-1	-1	-1
13023	188	1	21311	21285	21286	-1	-1	-1	-1	-1	-1	-1	-1	-1	-1	-1	-1	-1	-1	-1	-1	-1
13024	188	1	21311	21285	21286	-1	-1	-1	-1	-1	-1	-1	-1	-1	-1	-1	-1	-1	-1	-1	-1	-1
13025	188	1	21311	21285	21286	-1	-1	-1	-1	-1	-1	-1	-1	-1	-1	-1	-1	-1	-1	-1	-1	-1
13026	188	1	21311	21285	21286	-1	-1	-1	-1	-1	-1	-1	-1	-1	-1	-1	-1	-1	-1	-1	-1	-1
13027	188	1	21311	21285	21286	-1	-1	-1	-1	-1	-1	-1	-1	-1	-1	-1	-1	-1	-1	-1	-1	-1
13028	188	1	21311	21285	21286	-1	-1	-1	-1	-1	-1	-1	-1	-1	-1	-1	-1	-1	-1	-1	-1	-1
13029	188	1	21311	21285	21286	-1	-1	-1	-1	-1	-1	-1	-1	-1	-1	-1	-1	-1	-1	-1	-1	-1
13040	188	1	21311	21285	21286	-1	-1	-1	-1	-1	-1	-1	-1	-1	-1	-1	-1	-1	-1	-1	-1	-1
13041	188	1	21311	21285	21286	-1	-1	-1	-1	-1	-1	-1	-1	-1	-1	-1	-1	-1	-1	-1	-1	-1
13042	188	1	21311	21285	21286	-1	-1	-1	-1	-1	-1	-1	-1	-1	-1	-1	-1	-1	-1	-1	-1	-1
13043	188	1	21311	21285	21286	-1	-1	-1	-1	-1	-1	-1	-1	-1	-1	-1	-1	-1	-1	-1	-1	-1
13044	188	1	21311	21285	21286	-1	-1	-1	-1	-1	-1	-1	-1	-1	-1	-1	-1	-1	-1	-1	-1	-1
13045	188	1	21311	21285	21286	-1	-1	-1	-1	-1	-1	-1	-1	-1	-1	-1	-1	-1	-1	-1	-1	-1
13046	188	1	21311	21285	21286	-1	-1	-1	-1	-1	-1	-1	-1	-1	-1	-1	-1	-1	-1	-1	-1	-1
13047	188	1	21311	21285	21286	-1	-1	-1	-1	-1	-1	-1	-1	-1	-1	-1	-1	-1	-1	-1	-1	-1
13048	188	1	21311	21285	21286	-1	-1	-1	-1	-1	-1	-1	-1	-1	-1	-1	-1	-1	-1	-1	-1	-1
13049	188	1	21311	21285	21286	-1	-1	-1	-1	-1	-1	-1	-1	-1	-1	-1	-1	-1	-1	-1	-1	-1
13060	188	1	21311	21285	21286	-1	-1	-1	-1	-1	-1	-1	-1	-1	-1	-1	-1	-1	-1	-1	-1	-1
13061	188	1	21311	21285	21286	-1	-1	-1	-1	-1	-1	-1	-1	-1	-1	-1	-1	-1	-1	-1	-1	-1
13062	188	1	21311	21285	21286	-1	-1	-1	-1	-1	-1	-1	-1	-1	-1	-1	-1	-1	-1	-1	-1	-1
13063	188	1	21311	21285	21286	-1	-1	-1	-1	-1	-1	-1	-1	-1	-1	-1	-1	-1	-1	-1	-1	-1
13064	188	1	21311	21285	21286	-1	-1	-1	-1	-1	-1	-1	-1	-1	-1	-1	-1	-1	-1	-1	-1	-1
13065	188	1	21311	21285	21286	-1	-1	-1	-1	-1	-1	-1	-1	-1	-1	-1	-1	-1	-1	-1	-1	-1
13066	188	1	21311	21285	21286	-1	-1	-1	-1	-1	-1	-1	-1	-1	-1	-1	-1	-1	-1	-1	-1	-1
13067	188	1	21311	21285	21286	-1	-1	-1	-1	-1	-1	-1	-1	-1	-1	-1	-1	-1	-1	-1	-1	-1
13068	188	1	21311	21285	21286	-1	-1	-1	-1	-1	-1	-1	-1	-1	-1	-1	-1	-1	-1	-1	-1	-1
13069	188	1	21311	21285	21286	-1	-1	-1	-1	-1	-1	-1	-1	-1	-1	-1	-1	-1	-1	-1	-1	-1
13120	188	1	21311	21285	21286	-1	-1	-1	-1	-1	-1	-1	-1	-1	-1	-1	-1	-1	-1	-1	-1	-1
13121	188	1	21311	21285	21286	-1	-1	-1	-1	-1	-1	-1	-1	-1	-1	-1	-1	-1	-1	-1	-1	-1
13122	188	1	21311	21285	21286	-1	-1	-1	-1	-1	-1	-1	-1	-1	-1	-1	-1	-1	-1	-1	-1	-1
13123	188	1	21311	21285	21286	-1	-1	-1	-1	-1	-1	-1	-1	-1	-1	-1	-1	-1	-1	-1	-1	-1
13124	188	1	21311	21285	21286	-1	-1	-1	-1	-1	-1	-1	-1	-1	-1	-1	-1	-1	-1	-1	-1	-1
13125	188	1	21311	21285	21286	-1	-1	-1	-1	-1	-1	-1	-1	-1	-1	-1	-1	-1	-1	-1	-1	-1
13126	188	1	21311	21285	21286	-1	-1	-1	-1	-1	-1	-1	-1	-1	-1	-1	-1	-1	-1	-1	-1	-1
13127	188	1	21311	21285	21286	-1	-1	-1	-1	-1	-1	-1	-1	-1	-1	-1	-1	-1	-1	-1	-1	-1
13128	188	1	21311	21285	21286	-1	-1	-1	-1	-1	-1	-1	-1	-1	-1	-1	-1	-1	-1	-1	-1	-1
13129	188	1	21311	21285	21286	-1	-1	-1	-1	-1	-1	-1	-1	-1	-1	-1	-1	-1	-1	-1	-1	-1
13140	188	1	21311	21285	21286	-1	-1	-1	-1	-1	-1	-1	-1	-1	-1	-1	-1	-1	-1	-1	-1	-1
13141	188	1	21311	21285	21286	-1	-1	-1	-1	-1	-1	-1	-1	-1	-1	-1	-1	-1	-1	-1	-1	-1
13142	188	1	21311	21285	21286	-1	-1	-1	-1	-1	-1	-1	-1	-1	-1	-1	-1	-1	-1	-1	-1	-1
13143	188	1	21311	21285	21286	-1	-1	-1	-1	-1	-1	-1	-1	-1	-1	-1	-1	-1	-1	-1	-1	-1
13144	188	1	21311	21285	21286	-1	-1	-1	-1	-1	-1	-1	-1	-1	-1	-1	-1	-1	-1	-1	-1	-1
13145	188	1	21311	21285	21286	-1	-1	-1	-1	-1	-1	-1	-1	-1	-1	-1	-1	-1	-1	-1	-1	-1
13146	188	1	21311	21285	21286	-1	-1	-1	-1	-1	-1	-1	-1	-1	-1	-1	-1	-1	-1	-1	-1	-1
13147	188	1	21311	21285	21286	-1	-1	-1	-1	-1	-1	-1	-1	-1	-1	-1	-1	-1	-1	-1	-1	-1
13148	188	1	21311	21285	21286	-1	-1	-1	-1	-1	-1	-1	-1	-1	-1	-1	-1	-1	-1	-1	-1	-1
13149	188	1	21311	21285	21286	-1	-1	-1	-1	-1	-1	-1	-1	-1	-1	-1	-1	-1	-1	-1	-1	-1
13160	188	1	21311	21285	21286	-1	-1	-1	-1	-1	-1	-1	-1	-1	-1	-1	-1	-1	-1	-1	-1	-1
13161	188	1	21311	21285	21286	-1	-1	-1	-1	-1	-1	-1	-1	-1	-1	-1	-1	-1	-1	-1	-1	-1
13162	188	1	21311	21285	21286	-1	-1	-1	-1	-1	-1	-1	-1	-1	-1	-1	-1	-1	-1	-1	-1	-1
13163	188	1	21311	21285	21286	-1	-1	-1	-1	-1	-1	-1	-1	-1	-1	-1	-1	-1	-1	-1	-1	-1
13164	188	1	21311	21285	21286	-1	-1	-1	-1	-1	-1	-1	-1	-1	-1	-1	-1	-1	-1	-1	-1	-1
13165	188	1	21311	21285	21286	-1	-1	-1	-1	-1	-1	-1	-1	-1	-1	-1	-1	-1	-1	-1	-1	-1
13166	188	1	21311	21285	21286	-1	-1	-1	-1	-1	-1	-1	-1	-1	-1	-1	-1	-1	-1	-1	-1	-1
13167	188	1	21311	21285	21286	-1	-1	-1	-1	-1	-1	-1	-1	-1	-1	-1	-1	-1	-1	-1	-1	-1
13168	188	1	21311	21285	21286	-1	-1	-1	-1	-1	-1	-1	-1	-1	-1	-1	-1	-1	-1	-1	-1	-1
13169	188	1	21311	21285	21286	-1	-1	-1	-1	-1	-1	-1	-1	-1	-1	-1	-1	-1	-1	-1	-1	-1
13180	188	1	21311	21285	21286	-1	-1	-1	-1	-1	-1	-1	-1	-1	-1	-1	-1	-1	-1	-1	-1	-1
13181	188	1	21311	21285	21286	-1	-1	-1	-1	-1	-1	-1	-1	-1	-1	-1	-1	-1	-1	-1	-1	-1
13182	188	1	21311	21285	21286	-1	-1	-1	-1	-1	-1	-1	-1	-1	-1	-1	-1	-1	-1	-1	-1	-1
13183	188	1	21311	21285	21286	-1	-1	-1	-1	-1	-1	-1	-1	-1	-1	-1	-1	-1	-1	-1	-1	-1
13184	188	1	21311	21285	21286	-1	-1	-1	-1	-1	-1	-1	-1	-1	-1	-1	-1	-1	-1	-1	-1	-1
13185	188	1	21311	21285	21286	-1	-1	-1	-1	-1	-1	-1	-1	-1	-1	-1	-1	-1	-1	-1	-1	-1
13186	188	1	21311	21285	21286	-1	-1	-1	-1	-1	-1	-1	-1	-1	-1	-1	-1	-1	-1	-1	-1	-1
13187	188	1	21311	21285	21286	-1	-1	-1	-1	-1	-1	-1	-1	-1	-1	-1	-1	-1	-1	-1	-1	-1
13188	188	1	21311	21285	21286	-1	-1	-1	-1	-1	-1	-1	-1	-1	-1	-1	-1	-1	-1	-1	-1	-1
13189	188	1	21311	21285	21286	-1	-1	-1	-1	-1	-1	-1	-1	-1	-1	-1	-1	-1	-1	-1	-1	-1
13200	188	1	21311	21285	21286	-1	-1	-1	-1	-1	-1	-1	-1	-1	-1	-1	-1	-1	-1	-1	-1	-1
13201	188	1	21311	21285	21286	-1	-1	-1	-1	-1	-1	-1	-1	-1	-1	-1	-1	-1	-1	-1	-1	-1
13202	188	1	21311	21285	21286	-1	-1	-1	-1	-1	-1	-1	-1	-1	-1	-1	-1	-1	-1	-1	-1	-1
13204	188	1	21311	21285	21286	-1	-1	-1	-1	-1	-1	-1	-1	-1	-1	-1	-1	-1	-1	-1	-1	-1
13205	188	1	21311	21285	21286	-1	-1	-1	-1	-1	-1	-1	-1	-1	-1	-1	-1	-1	-1	-1	-1	-1
13206	188	1	21311	21285	21286	-1	-1	-1	-1	-1	-1	-1	-1	-1	-1	-1	-1	-1	-1	-1	-1	-1
13207	188	1	21311	21285	21286	-1	-1	-1	-1	-1	-1	-1	-1	-1	-1	-1	-1	-1	-1	-1	-1	-1
13208	188	1	21311	21285	21286	-1	-1	-1	-1	-1	-1	-1	-1	-1	-1	-1	-1	-1	-1	-1	-1	-1
13209	188	1	21311	21285	21286	-1	-1	-1	-1	-1	-1	-1	-1	-1	-1	-1	-1	-1	-1	-1	-1	-1
13221	188	1	21311	21285	21286	-1	-1	-1	-1	-1	-1	-1	-1	-1	-1	-1	-1	-1	-1	-1	-1	-1
13222	188	1	21311	21285	21286	-1	-1	-1	-1	-1	-1	-1	-1	-1	-1	-1	-1	-1	-1	-1	-1	-1
13223	188	1	21311	21285	21286	-1	-1	-1	-1	-1	-1	-1	-1	-1	-1	-1	-1	-1	-1	-1	-1	-1
13224	188	1	21311	21285	21286	-1	-1	-1	-1	-1	-1	-1	-1	-1	-1	-1	-1	-1	-1	-1	-1	-1
13225	188	1	21311	21285	21286	-1	-1	-1	-1	-1	-1	-1	-1	-1	-1	-1	-1	-1	-1	-1	-1	-1
13226	188	1	21311	21285	21286	-1	-1	-1	-1	-1	-1	-1	-1	-1	-1	-1	-1	-1	-1	-1	-1	-1
13227	188	1	21311	21285	21286	-1	-1	-1	-1	-1	-1	-1	-1	-1	-1	-1	-1	-1	-1	-1	-1	-1
13228	188	1	21311	21285	21286	-1	-1	-1	-1	-1	-1	-1	-1	-1	-1	-1	-1	-1	-1	-1	-1	-1
13229	188	1	21311	21285	21286	-1	-1	-1	-1	-1	-1	-1	-1	-1	-1	-1	-1	-1	-1	-1	-1	-1
13260	188	1	21311	21285	21286	21116	-1	-1	-1	-1	-1	-1	-1	-1	-1	-1	-1	-1	-1	-1	-1	-1
13261	188	1	21311	21285	21286	21116	-1	-1	-1	-1	-1	-1	-1	-1	-1	-1	-1	-1	-1	-1	-1	-1
13262	188	1	21311	21285	21286	21116	-1	-1	-1	-1	-1	-1	-1	-1	-1	-1	-1	-1	-1	-1	-1	-1
13263	188	1	21311	21285	21286	21116	-1	-1	-1	-1	-1	-1	-1	-1	-1	-1	-1	-1	-1	-1	-1	-1
13264	188	1	21311	21285	21286	21116	-1	-1	-1	-1	-1	-1	-1	-1	-1	-1	-1	-1	-1	-1	-1	-1
13265	188	1	21311	21285	21286	21116	-1	-1	-1	-1	-1	-1	-1	-1	-1	-1	-1	-1	-1	-1	-1	-1
13266	188	1	21311	21285	21286	21116	-1	-1	-1	-1	-1	-1	-1	-1	-1	-1	-1	-1	-1	-1	-1	-1
13267	188	1	21311	21285	21286	21116	-1	-1	-1	-1	-1	-1	-1	-1	-1	-1	-1	-1	-1	-1	-1	-1
13268	188	1	21311	21285	21286	21116	-1	-1	-1	-1	-1	-1	-1	-1	-1	-1	-1	-1	-1	-1	-1	-1
13269	188	1	21311	21285	21286	21116	-1	-1	-1	-1	-1	-1	-1	-1	-1	-1	-1	-1	-1	-1	-1	-1
13280	50	1	21444	-1	-1	-1	-1	-1	-1	-1	-1	-1	-1	-1	-1	-1	-1	-1	-1	-1	-1	-1
13281	80	1	21444	-1	-1	-1	-1	-1	-1	-1	-1	-1	-1	-1	-1	-1	-1	-1	-1	-1	-1	-1
13282	100	1	21444	21445	21261	-1	-1	-1	-1	-1	-1	-1	-1	-1	-1	-1	-1	-1	-1	-1	-1	-1
13283	100	1	21444	21445	21261	-1	-1	-1	-1	-1	-1	-1	-1	-1	-1	-1	-1	-1	-1	-1	-1	-1
13284	100	1	21444	21445	21261	-1	-1	-1	-1	-1	-1	-1	-1	-1	-1	-1	-1	-1	-1	-1	-1	-1
13285	100	1	21444	21445	21261	-1	-1	-1	-1	-1	-1	-1	-1	-1	-1	-1	-1	-1	-1	-1	-1	-1
13286	210	1	21260	21261	-1	-1	-1	-1	-1	-1	-1	-1	-1	-1	-1	-1	-1	-1	-1	-1	-1	-1
13287	210	1	21260	21261	-1	-1	-1	-1	-1	-1	-1	-1	-1	-1	-1	-1	-1	-1	-1	-1	-1	-1
13400	85	1	21312	21313	21314	-1	-1	-1	-1	-1	-1	-1	-1	-1	-1	-1	-1	-1	-1	-1	-1	-1
13401	85	1	21312	21313	21314	-1	-1	-1	-1	-1	-1	-1	-1	-1	-1	-1	-1	-1	-1	-1	-1	-1
13402	85	1	21312	21313	21314	-1	-1	-1	-1	-1	-1	-1	-1	-1	-1	-1	-1	-1	-1	-1	-1	-1
13403	160	1	21312	21313	21314	21434	-1	-1	-1	-1	-1	-1	-1	-1	-1	-1	-1	-1	-1	-1	-1	-1
##杀星
13434	210	1	21316	21317	21318	21319	21381	21438	21315	21315	-1	-1	-1	-1	-1	-1	-1	-1	-1	-1	-1	-1
13435	210	1	21316	21317	21318	21319	21381	21438	21315	21315	-1	-1	-1	-1	-1	-1	-1	-1	-1	-1	-1	-1
13436	210	1	21316	21317	21318	21319	21381	21438	21315	21315	-1	-1	-1	-1	-1	-1	-1	-1	-1	-1	-1	-1
13437	210	1	21316	21317	21318	21319	21381	21438	21315	21315	-1	-1	-1	-1	-1	-1	-1	-1	-1	-1	-1	-1
13443	210	1	21316	21317	21318	21319	21381	21438	21315	21315	-1	-1	-1	-1	-1	-1	-1	-1	-1	-1	-1	-1
13444	210	1	21316	21317	21318	21319	21381	21438	21315	21315	-1	-1	-1	-1	-1	-1	-1	-1	-1	-1	-1	-1
13445	210	1	21316	21317	21318	21319	21381	21438	21315	21315	-1	-1	-1	-1	-1	-1	-1	-1	-1	-1	-1	-1
13446	210	1	21316	21317	21318	21319	21381	21438	21315	21315	-1	-1	-1	-1	-1	-1	-1	-1	-1	-1	-1	-1
13452	210	1	21316	21317	21318	21319	21381	21438	21315	21315	-1	-1	-1	-1	-1	-1	-1	-1	-1	-1	-1	-1
13453	210	1	21316	21317	21318	21319	21381	21438	21315	21315	-1	-1	-1	-1	-1	-1	-1	-1	-1	-1	-1	-1
13454	210	1	21316	21317	21318	21319	21381	21438	21315	21315	-1	-1	-1	-1	-1	-1	-1	-1	-1	-1	-1	-1
13455	210	1	21316	21317	21318	21319	21381	21438	21315	21315	-1	-1	-1	-1	-1	-1	-1	-1	-1	-1	-1	-1
13461	210	1	21316	21317	21318	21319	21381	21438	21315	21315	-1	-1	-1	-1	-1	-1	-1	-1	-1	-1	-1	-1
13462	210	1	21316	21317	21318	21319	21381	21438	21315	21315	-1	-1	-1	-1	-1	-1	-1	-1	-1	-1	-1	-1
13463	210	1	21316	21317	21318	21319	21381	21438	21315	21315	-1	-1	-1	-1	-1	-1	-1	-1	-1	-1	-1	-1
13464	210	1	21316	21317	21318	21319	21381	21438	21315	21315	-1	-1	-1	-1	-1	-1	-1	-1	-1	-1	-1	-1
13470	210	1	21316	21317	21318	21319	21381	21438	21315	21315	-1	-1	-1	-1	-1	-1	-1	-1	-1	-1	-1	-1
13471	210	1	21316	21317	21318	21319	21381	21438	21315	21315	-1	-1	-1	-1	-1	-1	-1	-1	-1	-1	-1	-1
13472	210	1	21316	21317	21318	21319	21381	21438	21315	21315	-1	-1	-1	-1	-1	-1	-1	-1	-1	-1	-1	-1
13473	210	1	21316	21317	21318	21319	21381	21438	21315	21315	-1	-1	-1	-1	-1	-1	-1	-1	-1	-1	-1	-1
13479	210	1	21316	21317	21318	21319	21381	21438	21315	21315	-1	-1	-1	-1	-1	-1	-1	-1	-1	-1	-1	-1
13480	210	1	21316	21317	21318	21319	21381	21438	21315	21315	-1	-1	-1	-1	-1	-1	-1	-1	-1	-1	-1	-1
13481	210	1	21316	21317	21318	21319	21381	21438	21315	21315	-1	-1	-1	-1	-1	-1	-1	-1	-1	-1	-1	-1
13482	210	1	21316	21317	21318	21319	21381	21438	21315	21315	-1	-1	-1	-1	-1	-1	-1	-1	-1	-1	-1	-1
13488	210	1	21316	21317	21318	21319	21381	21438	21315	21315	-1	-1	-1	-1	-1	-1	-1	-1	-1	-1	-1	-1
13489	210	1	21316	21317	21318	21319	21381	21438	21315	21315	-1	-1	-1	-1	-1	-1	-1	-1	-1	-1	-1	-1
13490	210	1	21316	21317	21318	21319	21381	21438	21315	21315	-1	-1	-1	-1	-1	-1	-1	-1	-1	-1	-1	-1
13491	210	1	21316	21317	21318	21319	21381	21438	21315	21315	-1	-1	-1	-1	-1	-1	-1	-1	-1	-1	-1	-1
13497	210	1	21316	21317	21318	21319	21381	21438	21315	21315	-1	-1	-1	-1	-1	-1	-1	-1	-1	-1	-1	-1
13498	210	1	21316	21317	21318	21319	21381	21438	21315	21315	-1	-1	-1	-1	-1	-1	-1	-1	-1	-1	-1	-1
13499	210	1	21316	21317	21318	21319	21381	21438	21315	21315	-1	-1	-1	-1	-1	-1	-1	-1	-1	-1	-1	-1
13500	210	1	21316	21317	21318	21319	21381	21438	21315	21315	-1	-1	-1	-1	-1	-1	-1	-1	-1	-1	-1	-1
13506	210	1	21316	21317	21318	21319	21381	21438	21315	21315	-1	-1	-1	-1	-1	-1	-1	-1	-1	-1	-1	-1
13507	210	1	21316	21317	21318	21319	21381	21438	21315	21315	-1	-1	-1	-1	-1	-1	-1	-1	-1	-1	-1	-1
13508	210	1	21316	21317	21318	21319	21381	21438	21315	21315	-1	-1	-1	-1	-1	-1	-1	-1	-1	-1	-1	-1
13509	210	1	21316	21317	21318	21319	21381	21438	21315	21315	-1	-1	-1	-1	-1	-1	-1	-1	-1	-1	-1	-1
13515	210	1	21316	21317	21318	21319	21381	21438	21315	21315	-1	-1	-1	-1	-1	-1	-1	-1	-1	-1	-1	-1
13516	210	1	21316	21317	21318	21319	21381	21438	21315	21315	-1	-1	-1	-1	-1	-1	-1	-1	-1	-1	-1	-1
13517	210	1	21316	21317	21318	21319	21381	21438	21315	21315	-1	-1	-1	-1	-1	-1	-1	-1	-1	-1	-1	-1
13518	210	1	21316	21317	21318	21319	21381	21438	21315	21315	-1	-1	-1	-1	-1	-1	-1	-1	-1	-1	-1	-1
13524	210	1	21316	21317	21318	21319	21381	21438	21315	21315	-1	-1	-1	-1	-1	-1	-1	-1	-1	-1	-1	-1
##藏经阁
13525	210	1	21316	21317	21318	21319	21381	21438	21315	21315	-1	-1	-1	-1	-1	-1	-1	-1	-1	-1	-1	-1
13526	210	1	21316	21317	21318	21319	21381	21438	21315	21315	-1	-1	-1	-1	-1	-1	-1	-1	-1	-1	-1	-1
13527	210	1	21316	21317	21318	21319	21381	21438	21315	21315	-1	-1	-1	-1	-1	-1	-1	-1	-1	-1	-1	-1
13533	210	1	21316	21317	21318	21319	21381	21438	21315	21315	-1	-1	-1	-1	-1	-1	-1	-1	-1	-1	-1	-1
13534	210	1	21316	21317	21318	21319	21381	21438	21315	21315	-1	-1	-1	-1	-1	-1	-1	-1	-1	-1	-1	-1
13535	210	1	21316	21317	21318	21319	21381	21438	21315	21315	-1	-1	-1	-1	-1	-1	-1	-1	-1	-1	-1	-1
13536	210	1	21316	21317	21318	21319	21381	21438	21315	21315	-1	-1	-1	-1	-1	-1	-1	-1	-1	-1	-1	-1
13580	100	1	21427	21477	-1	-1	-1	-1	-1	-1	-1	-1	-1	-1	-1	-1	-1	-1	-1	-1	-1	-1
13581	100	1	21427	21477	-1	-1	-1	-1	-1	-1	-1	-1	-1	-1	-1	-1	-1	-1	-1	-1	-1	-1
13582	100	1	21427	21477	-1	-1	-1	-1	-1	-1	-1	-1	-1	-1	-1	-1	-1	-1	-1	-1	-1	-1
13589	100	1	21427	21477	-1	-1	-1	-1	-1	-1	-1	-1	-1	-1	-1	-1	-1	-1	-1	-1	-1	-1
13590	100	1	21427	21477	-1	-1	-1	-1	-1	-1	-1	-1	-1	-1	-1	-1	-1	-1	-1	-1	-1	-1
13591	100	1	21427	21477	-1	-1	-1	-1	-1	-1	-1	-1	-1	-1	-1	-1	-1	-1	-1	-1	-1	-1
13592	210	1	21320	21321	21322	21476	-1	-1	-1	-1	-1	-1	-1	-1	-1	-1	-1	-1	-1	-1	-1	-1
13593	210	1	21320	21321	21322	21476	-1	-1	-1	-1	-1	-1	-1	-1	-1	-1	-1	-1	-1	-1	-1	-1
13594	210	1	21320	21321	21322	21476	-1	-1	-1	-1	-1	-1	-1	-1	-1	-1	-1	-1	-1	-1	-1	-1
13595	210	1	21320	21321	21322	21476	-1	-1	-1	-1	-1	-1	-1	-1	-1	-1	-1	-1	-1	-1	-1	-1
13596	210	1	21320	21321	21322	21476	-1	-1	-1	-1	-1	-1	-1	-1	-1	-1	-1	-1	-1	-1	-1	-1
13597	210	1	21320	21321	21322	21476	-1	-1	-1	-1	-1	-1	-1	-1	-1	-1	-1	-1	-1	-1	-1	-1
13598	210	1	21320	21321	21322	21476	-1	-1	-1	-1	-1	-1	-1	-1	-1	-1	-1	-1	-1	-1	-1	-1
13599	210	1	21320	21321	21322	21476	-1	-1	-1	-1	-1	-1	-1	-1	-1	-1	-1	-1	-1	-1	-1	-1
13600	210	1	21320	21321	21322	21476	-1	-1	-1	-1	-1	-1	-1	-1	-1	-1	-1	-1	-1	-1	-1	-1
##凤凰陵墓
13759	210	1	21326	21327	21380	21379	21508	-1	-1	-1	-1	-1	-1	-1	-1	-1	-1	-1	-1	-1	-1	-1
13760	210	1	21326	21327	21380	21379	21508	-1	-1	-1	-1	-1	-1	-1	-1	-1	-1	-1	-1	-1	-1	-1
13761	210	1	21326	21327	21380	21379	21508	-1	-1	-1	-1	-1	-1	-1	-1	-1	-1	-1	-1	-1	-1	-1
13762	210	1	21326	21327	21380	21379	21508	-1	-1	-1	-1	-1	-1	-1	-1	-1	-1	-1	-1	-1	-1	-1
13763	210	1	21326	21327	21380	21379	21508	-1	-1	-1	-1	-1	-1	-1	-1	-1	-1	-1	-1	-1	-1	-1
13764	210	1	21326	21327	21380	21379	21508	-1	-1	-1	-1	-1	-1	-1	-1	-1	-1	-1	-1	-1	-1	-1
13765	210	1	21326	21327	21380	21379	21508	-1	-1	-1	-1	-1	-1	-1	-1	-1	-1	-1	-1	-1	-1	-1
13766	210	1	21326	21327	21380	21379	21508	-1	-1	-1	-1	-1	-1	-1	-1	-1	-1	-1	-1	-1	-1	-1
13767	210	1	21326	21327	21380	21379	21508	-1	-1	-1	-1	-1	-1	-1	-1	-1	-1	-1	-1	-1	-1	-1
##四绝
14102	210	1	21329	21330	21331	21373	21374	21375	21376	21478	-1	-1	-1	-1	-1	-1	-1	-1	-1	-1	-1	-1
14121	210	1	21329	21330	21331	21373	21374	21375	21376	21478	-1	-1	-1	-1	-1	-1	-1	-1	-1	-1	-1	-1
14128	210	1	21329	21330	21331	21373	21374	21375	21376	21478	-1	-1	-1	-1	-1	-1	-1	-1	-1	-1	-1	-1
14141	210	1	21329	21330	21331	21373	21374	21375	21376	21478	-1	-1	-1	-1	-1	-1	-1	-1	-1	-1	-1	-1
##少室山
14224	210	1	21333	21334	21335	21336	21378	-1	-1	-1	-1	-1	-1	-1	-1	-1	-1	-1	-1	-1	-1	-1
14229	210	1	21333	21334	21335	21336	21378	-1	-1	-1	-1	-1	-1	-1	-1	-1	-1	-1	-1	-1	-1	-1
14234	210	1	21333	21334	21335	21336	21378	-1	-1	-1	-1	-1	-1	-1	-1	-1	-1	-1	-1	-1	-1	-1
14239	210	1	21333	21334	21335	21336	21378	-1	-1	-1	-1	-1	-1	-1	-1	-1	-1	-1	-1	-1	-1	-1
14244	210	1	21333	21334	21335	21336	21378	-1	-1	-1	-1	-1	-1	-1	-1	-1	-1	-1	-1	-1	-1	-1
14249	210	1	21333	21334	21335	21336	21378	-1	-1	-1	-1	-1	-1	-1	-1	-1	-1	-1	-1	-1	-1	-1
##刺客
14540	210	1	21337	21338	21384	21479	21480	-1	-1	-1	-1	-1	-1	-1	-1	-1	-1	-1	-1	-1	-1	-1
14541	210	1	21337	21338	21384	21479	21480	-1	-1	-1	-1	-1	-1	-1	-1	-1	-1	-1	-1	-1	-1	-1
14542	210	1	21337	21338	21384	21479	21480	-1	-1	-1	-1	-1	-1	-1	-1	-1	-1	-1	-1	-1	-1	-1
14543	210	1	21337	21338	21384	21479	21480	-1	-1	-1	-1	-1	-1	-1	-1	-1	-1	-1	-1	-1	-1	-1
14544	210	1	21337	21338	21384	21479	21480	-1	-1	-1	-1	-1	-1	-1	-1	-1	-1	-1	-1	-1	-1	-1
14545	210	1	21337	21338	21384	21479	21480	-1	-1	-1	-1	-1	-1	-1	-1	-1	-1	-1	-1	-1	-1	-1
14546	210	1	21337	21338	21384	21479	21480	-1	-1	-1	-1	-1	-1	-1	-1	-1	-1	-1	-1	-1	-1	-1
14547	210	1	21337	21338	21384	21479	21480	-1	-1	-1	-1	-1	-1	-1	-1	-1	-1	-1	-1	-1	-1	-1
14548	210	1	21337	21338	21384	21479	21480	-1	-1	-1	-1	-1	-1	-1	-1	-1	-1	-1	-1	-1	-1	-1
14549	210	1	21337	21338	21384	21479	21480	-1	-1	-1	-1	-1	-1	-1	-1	-1	-1	-1	-1	-1	-1	-1
14550	210	1	21337	21338	21384	21479	21480	-1	-1	-1	-1	-1	-1	-1	-1	-1	-1	-1	-1	-1	-1	-1
14551	210	1	21337	21338	21384	21479	21480	-1	-1	-1	-1	-1	-1	-1	-1	-1	-1	-1	-1	-1	-1	-1
14552	210	1	21337	21338	21384	21479	21480	-1	-1	-1	-1	-1	-1	-1	-1	-1	-1	-1	-1	-1	-1	-1
14553	210	1	21337	21338	21384	21479	21480	-1	-1	-1	-1	-1	-1	-1	-1	-1	-1	-1	-1	-1	-1	-1
14554	210	1	21337	21338	21384	21479	21480	-1	-1	-1	-1	-1	-1	-1	-1	-1	-1	-1	-1	-1	-1	-1
14555	210	1	21337	21338	21384	21479	21480	-1	-1	-1	-1	-1	-1	-1	-1	-1	-1	-1	-1	-1	-1	-1
14556	210	1	21337	21338	21384	21479	21480	-1	-1	-1	-1	-1	-1	-1	-1	-1	-1	-1	-1	-1	-1	-1
14557	210	1	21337	21338	21384	21479	21480	-1	-1	-1	-1	-1	-1	-1	-1	-1	-1	-1	-1	-1	-1	-1
14558	210	1	21337	21338	21384	21479	21480	-1	-1	-1	-1	-1	-1	-1	-1	-1	-1	-1	-1	-1	-1	-1
14559	210	1	21337	21338	21384	21479	21480	-1	-1	-1	-1	-1	-1	-1	-1	-1	-1	-1	-1	-1	-1	-1
##兵圣
15006	210	1	21339	21340	21341	21481	-1	-1	-1	-1	-1	-1	-1	-1	-1	-1	-1	-1	-1	-1	-1	-1
15026	210	1	21339	21340	21341	21481	-1	-1	-1	-1	-1	-1	-1	-1	-1	-1	-1	-1	-1	-1	-1	-1
15031	210	1	21339	21340	21341	21481	-1	-1	-1	-1	-1	-1	-1	-1	-1	-1	-1	-1	-1	-1	-1	-1
15071	210	1	21339	21340	21341	21481	-1	-1	-1	-1	-1	-1	-1	-1	-1	-1	-1	-1	-1	-1	-1	-1
15086	210	1	21339	21340	21341	21481	21545	-1	-1	-1	-1	-1	-1	-1	-1	-1	-1	-1	-1	-1	-1	-1
#勇闯通天塔
15436	210	1	21342	21343	21344	21345	21483	21543	-1	-1	-1	-1	-1	-1	-1	-1	-1	-1	-1	-1	-1	-1
15439	210	1	21342	21343	21344	21345	21483	21543	-1	-1	-1	-1	-1	-1	-1	-1	-1	-1	-1	-1	-1	-1
15442	210	1	21342	21343	21344	21345	21483	21543	-1	-1	-1	-1	-1	-1	-1	-1	-1	-1	-1	-1	-1	-1
15445	210	1	21342	21343	21344	21345	21483	21542	21544	-1	-1	-1	-1	-1	-1	-1	-1	-1	-1	-1	-1	-1
#九黎入侵玄海
15602	210	1	21138	21472	21538	21539	21540	21541	-1	-1	-1	-1	-1	-1	-1	-1	-1	-1	-1	-1	-1	-1
15603	210	1	21138	21472	21538	21539	21540	21541	-1	-1	-1	-1	-1	-1	-1	-1	-1	-1	-1	-1	-1	-1
15604	210	1	21138	21472	21538	21539	21540	21541	-1	-1	-1	-1	-1	-1	-1	-1	-1	-1	-1	-1	-1	-1
15605	210	1	21138	21472	21538	21539	21540	21541	-1	-1	-1	-1	-1	-1	-1	-1	-1	-1	-1	-1	-1	-1
15606	100	1	21509	21510	-1	-1	-1	-1	-1	-1	-1	-1	-1	-1	-1	-1	-1	-1	-1	-1	-1	-1
15607	100	1	21509	21510	-1	-1	-1	-1	-1	-1	-1	-1	-1	-1	-1	-1	-1	-1	-1	-1	-1	-1
15608	100	1	21509	21510	-1	-1	-1	-1	-1	-1	-1	-1	-1	-1	-1	-1	-1	-1	-1	-1	-1	-1
15609	100	1	21509	21510	-1	-1	-1	-1	-1	-1	-1	-1	-1	-1	-1	-1	-1	-1	-1	-1	-1	-1
15610	100	1	21509	21510	-1	-1	-1	-1	-1	-1	-1	-1	-1	-1	-1	-1	-1	-1	-1	-1	-1	-1
15611	100	1	21509	21510	-1	-1	-1	-1	-1	-1	-1	-1	-1	-1	-1	-1	-1	-1	-1	-1	-1	-1
15612	100	1	21509	21510	-1	-1	-1	-1	-1	-1	-1	-1	-1	-1	-1	-1	-1	-1	-1	-1	-1	-1
15613	100	1	21509	21510	-1	-1	-1	-1	-1	-1	-1	-1	-1	-1	-1	-1	-1	-1	-1	-1	-1	-1
15614	100	1	21509	21510	-1	-1	-1	-1	-1	-1	-1	-1	-1	-1	-1	-1	-1	-1	-1	-1	-1	-1
15615	100	1	21509	21510	-1	-1	-1	-1	-1	-1	-1	-1	-1	-1	-1	-1	-1	-1	-1	-1	-1	-1
15616	100	1	21509	21510	-1	-1	-1	-1	-1	-1	-1	-1	-1	-1	-1	-1	-1	-1	-1	-1	-1	-1
15617	100	1	21509	21510	-1	-1	-1	-1	-1	-1	-1	-1	-1	-1	-1	-1	-1	-1	-1	-1	-1	-1
15618	100	1	21509	21510	-1	-1	-1	-1	-1	-1	-1	-1	-1	-1	-1	-1	-1	-1	-1	-1	-1	-1
15619	100	1	21509	21510	-1	-1	-1	-1	-1	-1	-1	-1	-1	-1	-1	-1	-1	-1	-1	-1	-1	-1
15620	100	1	21509	21510	-1	-1	-1	-1	-1	-1	-1	-1	-1	-1	-1	-1	-1	-1	-1	-1	-1	-1
15621	100	1	21509	21510	-1	-1	-1	-1	-1	-1	-1	-1	-1	-1	-1	-1	-1	-1	-1	-1	-1	-1
15622	100	1	21509	21510	-1	-1	-1	-1	-1	-1	-1	-1	-1	-1	-1	-1	-1	-1	-1	-1	-1	-1
15623	100	1	21509	21510	-1	-1	-1	-1	-1	-1	-1	-1	-1	-1	-1	-1	-1	-1	-1	-1	-1	-1
15624	100	1	21509	21510	-1	-1	-1	-1	-1	-1	-1	-1	-1	-1	-1	-1	-1	-1	-1	-1	-1	-1
15625	100	1	21509	21510	-1	-1	-1	-1	-1	-1	-1	-1	-1	-1	-1	-1	-1	-1	-1	-1	-1	-1
15626	100	1	21509	21510	-1	-1	-1	-1	-1	-1	-1	-1	-1	-1	-1	-1	-1	-1	-1	-1	-1	-1
15627	100	1	21509	21510	-1	-1	-1	-1	-1	-1	-1	-1	-1	-1	-1	-1	-1	-1	-1	-1	-1	-1
15628	100	1	21509	21510	-1	-1	-1	-1	-1	-1	-1	-1	-1	-1	-1	-1	-1	-1	-1	-1	-1	-1
15629	100	1	21509	21510	-1	-1	-1	-1	-1	-1	-1	-1	-1	-1	-1	-1	-1	-1	-1	-1	-1	-1
15630	100	1	21509	21510	-1	-1	-1	-1	-1	-1	-1	-1	-1	-1	-1	-1	-1	-1	-1	-1	-1	-1
15631	100	1	21509	21510	-1	-1	-1	-1	-1	-1	-1	-1	-1	-1	-1	-1	-1	-1	-1	-1	-1	-1
15632	100	1	21509	21510	-1	-1	-1	-1	-1	-1	-1	-1	-1	-1	-1	-1	-1	-1	-1	-1	-1	-1
15633	100	1	21509	21510	-1	-1	-1	-1	-1	-1	-1	-1	-1	-1	-1	-1	-1	-1	-1	-1	-1	-1
15634	100	1	21509	21510	-1	-1	-1	-1	-1	-1	-1	-1	-1	-1	-1	-1	-1	-1	-1	-1	-1	-1
15635	100	1	21509	21510	-1	-1	-1	-1	-1	-1	-1	-1	-1	-1	-1	-1	-1	-1	-1	-1	-1	-1
15636	100	1	21509	21510	-1	-1	-1	-1	-1	-1	-1	-1	-1	-1	-1	-1	-1	-1	-1	-1	-1	-1
15637	100	1	21509	21510	-1	-1	-1	-1	-1	-1	-1	-1	-1	-1	-1	-1	-1	-1	-1	-1	-1	-1
15642	210	1	21138	21472	21538	-1	-1	-1	-1	-1	-1	-1	-1	-1	-1	-1	-1	-1	-1	-1	-1	-1
15643	210	1	21138	21472	21538	-1	-1	-1	-1	-1	-1	-1	-1	-1	-1	-1	-1	-1	-1	-1	-1	-1
15644	210	1	21138	21472	21538	-1	-1	-1	-1	-1	-1	-1	-1	-1	-1	-1	-1	-1	-1	-1	-1	-1
15645	210	1	21138	21472	21538	-1	-1	-1	-1	-1	-1	-1	-1	-1	-1	-1	-1	-1	-1	-1	-1	-1
15646	210	1	21138	21472	21538	-1	-1	-1	-1	-1	-1	-1	-1	-1	-1	-1	-1	-1	-1	-1	-1	-1
15647	210	1	21138	21472	21538	-1	-1	-1	-1	-1	-1	-1	-1	-1	-1	-1	-1	-1	-1	-1	-1	-1
15648	210	1	21138	21472	21538	-1	-1	-1	-1	-1	-1	-1	-1	-1	-1	-1	-1	-1	-1	-1	-1	-1
15649	210	1	21138	21472	21538	-1	-1	-1	-1	-1	-1	-1	-1	-1	-1	-1	-1	-1	-1	-1	-1	-1
15650	210	1	21138	21472	21538	-1	-1	-1	-1	-1	-1	-1	-1	-1	-1	-1	-1	-1	-1	-1	-1	-1
15651	210	1	21138	21472	21538	-1	-1	-1	-1	-1	-1	-1	-1	-1	-1	-1	-1	-1	-1	-1	-1	-1
15652	210	1	21138	21472	21538	-1	-1	-1	-1	-1	-1	-1	-1	-1	-1	-1	-1	-1	-1	-1	-1	-1
15653	210	1	21138	21472	21538	-1	-1	-1	-1	-1	-1	-1	-1	-1	-1	-1	-1	-1	-1	-1	-1	-1
15654	210	1	21138	21472	21538	-1	-1	-1	-1	-1	-1	-1	-1	-1	-1	-1	-1	-1	-1	-1	-1	-1
15655	210	1	21138	21472	21538	-1	-1	-1	-1	-1	-1	-1	-1	-1	-1	-1	-1	-1	-1	-1	-1	-1
15656	210	1	21138	21472	21538	-1	-1	-1	-1	-1	-1	-1	-1	-1	-1	-1	-1	-1	-1	-1	-1	-1
15657	210	1	21138	21472	21538	-1	-1	-1	-1	-1	-1	-1	-1	-1	-1	-1	-1	-1	-1	-1	-1	-1
15658	210	1	21138	21472	21538	-1	-1	-1	-1	-1	-1	-1	-1	-1	-1	-1	-1	-1	-1	-1	-1	-1
15659	210	1	21138	21472	21538	-1	-1	-1	-1	-1	-1	-1	-1	-1	-1	-1	-1	-1	-1	-1	-1	-1
15660	210	1	21138	21472	21538	-1	-1	-1	-1	-1	-1	-1	-1	-1	-1	-1	-1	-1	-1	-1	-1	-1
15661	210	1	21138	21472	21538	-1	-1	-1	-1	-1	-1	-1	-1	-1	-1	-1	-1	-1	-1	-1	-1	-1
15662	210	1	21138	21472	21538	-1	-1	-1	-1	-1	-1	-1	-1	-1	-1	-1	-1	-1	-1	-1	-1	-1
15663	210	1	21138	21472	21538	-1	-1	-1	-1	-1	-1	-1	-1	-1	-1	-1	-1	-1	-1	-1	-1	-1
15664	210	1	21138	21472	21538	-1	-1	-1	-1	-1	-1	-1	-1	-1	-1	-1	-1	-1	-1	-1	-1	-1
15665	210	1	21138	21472	21538	-1	-1	-1	-1	-1	-1	-1	-1	-1	-1	-1	-1	-1	-1	-1	-1	-1
15666	210	1	21138	21472	21538	-1	-1	-1	-1	-1	-1	-1	-1	-1	-1	-1	-1	-1	-1	-1	-1	-1
15667	210	1	21138	21472	21538	-1	-1	-1	-1	-1	-1	-1	-1	-1	-1	-1	-1	-1	-1	-1	-1	-1
15668	210	1	21138	21472	21538	-1	-1	-1	-1	-1	-1	-1	-1	-1	-1	-1	-1	-1	-1	-1	-1	-1
15669	210	1	21138	21472	21538	-1	-1	-1	-1	-1	-1	-1	-1	-1	-1	-1	-1	-1	-1	-1	-1	-1
15670	210	1	21138	21472	21538	-1	-1	-1	-1	-1	-1	-1	-1	-1	-1	-1	-1	-1	-1	-1	-1	-1
15671	210	1	21138	21472	21538	-1	-1	-1	-1	-1	-1	-1	-1	-1	-1	-1	-1	-1	-1	-1	-1	-1
15672	210	1	21138	21472	21538	-1	-1	-1	-1	-1	-1	-1	-1	-1	-1	-1	-1	-1	-1	-1	-1	-1
15673	210	1	21138	21472	21538	-1	-1	-1	-1	-1	-1	-1	-1	-1	-1	-1	-1	-1	-1	-1	-1	-1
15699	210	1	21109	-1	-1	-1	-1	-1	-1	-1	-1	-1	-1	-1	-1	-1	-1	-1	-1	-1	-1	-1
15702	210	1	21111	21112	21419	21421	-1	-1	-1	-1	-1	-1	-1	-1	-1	-1	-1	-1	-1	-1	-1	-1
15703	210	1	21111	21112	21419	21421	-1	-1	-1	-1	-1	-1	-1	-1	-1	-1	-1	-1	-1	-1	-1	-1
15704	210	1	21111	21112	21419	21421	-1	-1	-1	-1	-1	-1	-1	-1	-1	-1	-1	-1	-1	-1	-1	-1
15705	210	1	21111	21112	21421	21419	-1	-1	-1	-1	-1	-1	-1	-1	-1	-1	-1	-1	-1	-1	-1	-1
15706	210	1	21111	21112	21419	21421	-1	-1	-1	-1	-1	-1	-1	-1	-1	-1	-1	-1	-1	-1	-1	-1
15707	210	1	21111	21112	21421	21419	-1	-1	-1	-1	-1	-1	-1	-1	-1	-1	-1	-1	-1	-1	-1	-1
15708	210	1	21111	21112	21419	21421	-1	-1	-1	-1	-1	-1	-1	-1	-1	-1	-1	-1	-1	-1	-1	-1
#新门派副本
16413	210	1	21013	-1	-1	-1	-1	-1	-1	-1	-1	-1	-1	-1	-1	-1	-1	-1	-1	-1	-1	-1
31850	210	1	21229	21230	21231	21232	21233	21474	-1	-1	-1	-1	-1	-1	-1	-1	-1	-1	-1	-1	-1	-1
31851	210	1	21229	21230	21231	21232	21233	21474	-1	-1	-1	-1	-1	-1	-1	-1	-1	-1	-1	-1	-1	-1
31870	436	1	21346	-1	-1	-1	-1	-1	-1	-1	-1	-1	-1	-1	-1	-1	-1	-1	-1	-1	-1	-1
31871	436	1	21346	-1	-1	-1	-1	-1	-1	-1	-1	-1	-1	-1	-1	-1	-1	-1	-1	-1	-1	-1
31872	436	1	21346	-1	-1	-1	-1	-1	-1	-1	-1	-1	-1	-1	-1	-1	-1	-1	-1	-1	-1	-1
31873	436	1	21346	-1	-1	-1	-1	-1	-1	-1	-1	-1	-1	-1	-1	-1	-1	-1	-1	-1	-1	-1
31874	436	1	21346	-1	-1	-1	-1	-1	-1	-1	-1	-1	-1	-1	-1	-1	-1	-1	-1	-1	-1	-1
31875	436	1	21346	-1	-1	-1	-1	-1	-1	-1	-1	-1	-1	-1	-1	-1	-1	-1	-1	-1	-1	-1
31876	436	1	21346	-1	-1	-1	-1	-1	-1	-1	-1	-1	-1	-1	-1	-1	-1	-1	-1	-1	-1	-1
31877	436	1	21346	-1	-1	-1	-1	-1	-1	-1	-1	-1	-1	-1	-1	-1	-1	-1	-1	-1	-1	-1
32530	210	1	21030	21039	21347	-1	-1	-1	-1	-1	-1	-1	-1	-1	-1	-1	-1	-1	-1	-1	-1	-1
32531	210	1	21030	21039	21347	-1	-1	-1	-1	-1	-1	-1	-1	-1	-1	-1	-1	-1	-1	-1	-1	-1
32532	210	1	21030	21039	21347	-1	-1	-1	-1	-1	-1	-1	-1	-1	-1	-1	-1	-1	-1	-1	-1	-1
32533	210	1	21030	21039	21347	-1	-1	-1	-1	-1	-1	-1	-1	-1	-1	-1	-1	-1	-1	-1	-1	-1
32534	210	1	21030	21039	21347	-1	-1	-1	-1	-1	-1	-1	-1	-1	-1	-1	-1	-1	-1	-1	-1	-1
32535	210	1	21030	21039	21347	-1	-1	-1	-1	-1	-1	-1	-1	-1	-1	-1	-1	-1	-1	-1	-1	-1
32536	210	1	21030	21039	21347	-1	-1	-1	-1	-1	-1	-1	-1	-1	-1	-1	-1	-1	-1	-1	-1	-1
32537	210	1	21030	21039	21347	-1	-1	-1	-1	-1	-1	-1	-1	-1	-1	-1	-1	-1	-1	-1	-1	-1
32538	210	1	21030	21039	21347	-1	-1	-1	-1	-1	-1	-1	-1	-1	-1	-1	-1	-1	-1	-1	-1	-1
32539	210	1	21030	21039	21347	-1	-1	-1	-1	-1	-1	-1	-1	-1	-1	-1	-1	-1	-1	-1	-1	-1
##高级夺宝马贼
33510	210	1	21041	21042	21043	21348	-1	-1	-1	-1	-1	-1	-1	-1	-1	-1	-1	-1	-1	-1	-1	-1
33511	210	1	21041	21042	21043	21348	-1	-1	-1	-1	-1	-1	-1	-1	-1	-1	-1	-1	-1	-1	-1	-1
33512	210	1	21041	21042	21043	21348	-1	-1	-1	-1	-1	-1	-1	-1	-1	-1	-1	-1	-1	-1	-1	-1
33513	210	1	21041	21042	21043	21348	-1	-1	-1	-1	-1	-1	-1	-1	-1	-1	-1	-1	-1	-1	-1	-1
33514	210	1	21041	21042	21043	21348	-1	-1	-1	-1	-1	-1	-1	-1	-1	-1	-1	-1	-1	-1	-1	-1
33515	210	1	21041	21042	21043	21348	-1	-1	-1	-1	-1	-1	-1	-1	-1	-1	-1	-1	-1	-1	-1	-1
33516	210	1	21041	21042	21043	21348	-1	-1	-1	-1	-1	-1	-1	-1	-1	-1	-1	-1	-1	-1	-1	-1
33517	210	1	21041	21042	21043	21348	-1	-1	-1	-1	-1	-1	-1	-1	-1	-1	-1	-1	-1	-1	-1	-1
33518	210	1	21041	21042	21043	21348	-1	-1	-1	-1	-1	-1	-1	-1	-1	-1	-1	-1	-1	-1	-1	-1
33519	210	1	21041	21042	21043	21348	-1	-1	-1	-1	-1	-1	-1	-1	-1	-1	-1	-1	-1	-1	-1	-1
##
33640	100	1	21252	21447	-1	-1	-1	-1	-1	-1	-1	-1	-1	-1	-1	-1	-1	-1	-1	-1	-1	-1
33641	100	1	21252	21447	-1	-1	-1	-1	-1	-1	-1	-1	-1	-1	-1	-1	-1	-1	-1	-1	-1	-1
33650	210	1	21248	21249	21250	21251	21252	21454	-1	-1	-1	-1	-1	-1	-1	-1	-1	-1	-1	-1	-1	-1
33651	210	1	21248	21249	21250	21251	21252	21454	-1	-1	-1	-1	-1	-1	-1	-1	-1	-1	-1	-1	-1	-1
33652	210	1	21248	21249	21250	21251	21252	21454	-1	-1	-1	-1	-1	-1	-1	-1	-1	-1	-1	-1	-1	-1
##偷袭门派高级
33660	100	1	21448	21449	-1	-1	-1	-1	-1	-1	-1	-1	-1	-1	-1	-1	-1	-1	-1	-1	-1	-1
33661	100	1	21448	21449	-1	-1	-1	-1	-1	-1	-1	-1	-1	-1	-1	-1	-1	-1	-1	-1	-1	-1
33670	210	1	21448	21450	21451	21452	21453	-1	-1	-1	-1	-1	-1	-1	-1	-1	-1	-1	-1	-1	-1	-1
33671	210	1	21448	21450	21451	21452	21453	-1	-1	-1	-1	-1	-1	-1	-1	-1	-1	-1	-1	-1	-1	-1
33672	210	1	21448	21450	21451	21452	21453	-1	-1	-1	-1	-1	-1	-1	-1	-1	-1	-1	-1	-1	-1	-1
##
33720	100	1	21426	-1	-1	-1	-1	-1	-1	-1	-1	-1	-1	-1	-1	-1	-1	-1	-1	-1	-1	-1
33721	100	1	21426	-1	-1	-1	-1	-1	-1	-1	-1	-1	-1	-1	-1	-1	-1	-1	-1	-1	-1	-1
33722	100	1	21426	-1	-1	-1	-1	-1	-1	-1	-1	-1	-1	-1	-1	-1	-1	-1	-1	-1	-1	-1
33723	100	1	21426	-1	-1	-1	-1	-1	-1	-1	-1	-1	-1	-1	-1	-1	-1	-1	-1	-1	-1	-1
33724	100	1	21426	-1	-1	-1	-1	-1	-1	-1	-1	-1	-1	-1	-1	-1	-1	-1	-1	-1	-1	-1
33725	100	1	21426	-1	-1	-1	-1	-1	-1	-1	-1	-1	-1	-1	-1	-1	-1	-1	-1	-1	-1	-1
33726	100	1	21426	-1	-1	-1	-1	-1	-1	-1	-1	-1	-1	-1	-1	-1	-1	-1	-1	-1	-1	-1
33727	100	1	21426	-1	-1	-1	-1	-1	-1	-1	-1	-1	-1	-1	-1	-1	-1	-1	-1	-1	-1	-1
33728	100	1	21426	-1	-1	-1	-1	-1	-1	-1	-1	-1	-1	-1	-1	-1	-1	-1	-1	-1	-1	-1
33729	100	1	21426	-1	-1	-1	-1	-1	-1	-1	-1	-1	-1	-1	-1	-1	-1	-1	-1	-1	-1	-1
##野猪王高级
33780	210	1	21354	21355	-1	-1	-1	-1	-1	-1	-1	-1	-1	-1	-1	-1	-1	-1	-1	-1	-1	-1
33790	210	1	21258	21259	21440	21441	-1	-1	-1	-1	-1	-1	-1	-1	-1	-1	-1	-1	-1	-1	-1	-1
33800	210	1	21354	21355	-1	-1	-1	-1	-1	-1	-1	-1	-1	-1	-1	-1	-1	-1	-1	-1	-1	-1
33810	400	1	21258	21259	21440	21139	-1	-1	-1	-1	-1	-1	-1	-1	-1	-1	-1	-1	-1	-1	-1	-1
33811	400	1	21258	21259	21440	21139	-1	-1	-1	-1	-1	-1	-1	-1	-1	-1	-1	-1	-1	-1	-1	-1
##
34080	6	1	21264	21265	21267	-1	-1	-1	-1	-1	-1	-1	-1	-1	-1	-1	-1	-1	-1	-1	-1	-1
34081	6	1	21264	21265	21267	-1	-1	-1	-1	-1	-1	-1	-1	-1	-1	-1	-1	-1	-1	-1	-1	-1
34082	6	1	21264	21265	21267	-1	-1	-1	-1	-1	-1	-1	-1	-1	-1	-1	-1	-1	-1	-1	-1	-1
34083	6	1	21264	21265	21267	-1	-1	-1	-1	-1	-1	-1	-1	-1	-1	-1	-1	-1	-1	-1	-1	-1
34084	6	1	21264	21265	21267	-1	-1	-1	-1	-1	-1	-1	-1	-1	-1	-1	-1	-1	-1	-1	-1	-1
34085	6	1	21264	21265	21267	-1	-1	-1	-1	-1	-1	-1	-1	-1	-1	-1	-1	-1	-1	-1	-1	-1
34086	6	1	21264	21265	21267	-1	-1	-1	-1	-1	-1	-1	-1	-1	-1	-1	-1	-1	-1	-1	-1	-1
34087	6	1	21264	21265	21267	-1	-1	-1	-1	-1	-1	-1	-1	-1	-1	-1	-1	-1	-1	-1	-1	-1
34088	6	1	21264	21265	21267	-1	-1	-1	-1	-1	-1	-1	-1	-1	-1	-1	-1	-1	-1	-1	-1	-1
34089	6	1	21264	21265	21267	-1	-1	-1	-1	-1	-1	-1	-1	-1	-1	-1	-1	-1	-1	-1	-1	-1
34090	6	1	21264	21265	21267	-1	-1	-1	-1	-1	-1	-1	-1	-1	-1	-1	-1	-1	-1	-1	-1	-1
34091	6	1	21264	21265	21267	-1	-1	-1	-1	-1	-1	-1	-1	-1	-1	-1	-1	-1	-1	-1	-1	-1
34092	6	1	21264	21265	21267	-1	-1	-1	-1	-1	-1	-1	-1	-1	-1	-1	-1	-1	-1	-1	-1	-1
34093	6	1	21264	21265	21267	-1	-1	-1	-1	-1	-1	-1	-1	-1	-1	-1	-1	-1	-1	-1	-1	-1
34094	6	1	21264	21265	21267	-1	-1	-1	-1	-1	-1	-1	-1	-1	-1	-1	-1	-1	-1	-1	-1	-1
34095	6	1	21264	21265	21267	-1	-1	-1	-1	-1	-1	-1	-1	-1	-1	-1	-1	-1	-1	-1	-1	-1
34096	6	1	21264	21265	21267	-1	-1	-1	-1	-1	-1	-1	-1	-1	-1	-1	-1	-1	-1	-1	-1	-1
34097	6	1	21264	21265	21267	-1	-1	-1	-1	-1	-1	-1	-1	-1	-1	-1	-1	-1	-1	-1	-1	-1
34098	6	1	21264	21265	21267	-1	-1	-1	-1	-1	-1	-1	-1	-1	-1	-1	-1	-1	-1	-1	-1	-1
34099	6	1	21264	21265	21267	-1	-1	-1	-1	-1	-1	-1	-1	-1	-1	-1	-1	-1	-1	-1	-1	-1
34100	6	1	21264	21265	21267	-1	-1	-1	-1	-1	-1	-1	-1	-1	-1	-1	-1	-1	-1	-1	-1	-1
34101	6	1	21264	21265	21267	-1	-1	-1	-1	-1	-1	-1	-1	-1	-1	-1	-1	-1	-1	-1	-1	-1
34102	6	1	21264	21265	21267	-1	-1	-1	-1	-1	-1	-1	-1	-1	-1	-1	-1	-1	-1	-1	-1	-1
34103	6	1	21264	21265	21267	-1	-1	-1	-1	-1	-1	-1	-1	-1	-1	-1	-1	-1	-1	-1	-1	-1
34104	6	1	21264	21265	21267	-1	-1	-1	-1	-1	-1	-1	-1	-1	-1	-1	-1	-1	-1	-1	-1	-1
34105	6	1	21264	21265	21267	-1	-1	-1	-1	-1	-1	-1	-1	-1	-1	-1	-1	-1	-1	-1	-1	-1
34106	6	1	21264	21265	21267	-1	-1	-1	-1	-1	-1	-1	-1	-1	-1	-1	-1	-1	-1	-1	-1	-1
34107	6	1	21264	21265	21267	-1	-1	-1	-1	-1	-1	-1	-1	-1	-1	-1	-1	-1	-1	-1	-1	-1
34108	6	1	21264	21265	21267	-1	-1	-1	-1	-1	-1	-1	-1	-1	-1	-1	-1	-1	-1	-1	-1	-1
34109	6	1	21264	21265	21267	-1	-1	-1	-1	-1	-1	-1	-1	-1	-1	-1	-1	-1	-1	-1	-1	-1
34120	6	1	21264	21265	21267	-1	-1	-1	-1	-1	-1	-1	-1	-1	-1	-1	-1	-1	-1	-1	-1	-1
34121	6	1	21264	21265	21267	-1	-1	-1	-1	-1	-1	-1	-1	-1	-1	-1	-1	-1	-1	-1	-1	-1
34122	6	1	21264	21265	21267	-1	-1	-1	-1	-1	-1	-1	-1	-1	-1	-1	-1	-1	-1	-1	-1	-1
34123	6	1	21264	21265	21267	-1	-1	-1	-1	-1	-1	-1	-1	-1	-1	-1	-1	-1	-1	-1	-1	-1
34124	6	1	21264	21265	21267	-1	-1	-1	-1	-1	-1	-1	-1	-1	-1	-1	-1	-1	-1	-1	-1	-1
34125	6	1	21264	21265	21267	-1	-1	-1	-1	-1	-1	-1	-1	-1	-1	-1	-1	-1	-1	-1	-1	-1
34126	6	1	21264	21265	21267	-1	-1	-1	-1	-1	-1	-1	-1	-1	-1	-1	-1	-1	-1	-1	-1	-1
34127	6	1	21264	21265	21267	-1	-1	-1	-1	-1	-1	-1	-1	-1	-1	-1	-1	-1	-1	-1	-1	-1
34128	6	1	21264	21265	21267	-1	-1	-1	-1	-1	-1	-1	-1	-1	-1	-1	-1	-1	-1	-1	-1	-1
34129	6	1	21264	21265	21267	-1	-1	-1	-1	-1	-1	-1	-1	-1	-1	-1	-1	-1	-1	-1	-1	-1
##除匪首力破三关高级
34130	60	1	21264	21265	21267	21248	-1	-1	-1	-1	-1	-1	-1	-1	-1	-1	-1	-1	-1	-1	-1	-1
34131	60	1	21264	21265	21267	21248	-1	-1	-1	-1	-1	-1	-1	-1	-1	-1	-1	-1	-1	-1	-1	-1
34132	60	1	21264	21265	21267	21248	-1	-1	-1	-1	-1	-1	-1	-1	-1	-1	-1	-1	-1	-1	-1	-1
34133	60	1	21264	21265	21267	21248	-1	-1	-1	-1	-1	-1	-1	-1	-1	-1	-1	-1	-1	-1	-1	-1
34134	60	1	21264	21265	21267	21248	-1	-1	-1	-1	-1	-1	-1	-1	-1	-1	-1	-1	-1	-1	-1	-1
34135	60	1	21264	21265	21267	21248	-1	-1	-1	-1	-1	-1	-1	-1	-1	-1	-1	-1	-1	-1	-1	-1
34136	60	1	21264	21265	21267	21248	-1	-1	-1	-1	-1	-1	-1	-1	-1	-1	-1	-1	-1	-1	-1	-1
34137	60	1	21264	21265	21267	21248	-1	-1	-1	-1	-1	-1	-1	-1	-1	-1	-1	-1	-1	-1	-1	-1
34138	60	1	21264	21265	21267	21248	-1	-1	-1	-1	-1	-1	-1	-1	-1	-1	-1	-1	-1	-1	-1	-1
34139	60	1	21264	21265	21267	21248	-1	-1	-1	-1	-1	-1	-1	-1	-1	-1	-1	-1	-1	-1	-1	-1
##
39320	10	1	21277	21278	21490	21491	21492	-1	-1	-1	-1	-1	-1	-1	-1	-1	-1	-1	-1	-1	-1	-1
39321	10	1	21277	21278	21490	21491	21492	-1	-1	-1	-1	-1	-1	-1	-1	-1	-1	-1	-1	-1	-1	-1
39322	10	1	21277	21278	21490	21491	21492	-1	-1	-1	-1	-1	-1	-1	-1	-1	-1	-1	-1	-1	-1	-1
39330	10	1	21277	21278	-1	-1	-1	-1	-1	-1	-1	-1	-1	-1	-1	-1	-1	-1	-1	-1	-1	-1
39331	10	1	21277	21278	-1	-1	-1	-1	-1	-1	-1	-1	-1	-1	-1	-1	-1	-1	-1	-1	-1	-1
39332	10	1	21277	21278	-1	-1	-1	-1	-1	-1	-1	-1	-1	-1	-1	-1	-1	-1	-1	-1	-1	-1
39340	10	1	21277	21278	-1	-1	-1	-1	-1	-1	-1	-1	-1	-1	-1	-1	-1	-1	-1	-1	-1	-1
39341	10	1	21277	21278	-1	-1	-1	-1	-1	-1	-1	-1	-1	-1	-1	-1	-1	-1	-1	-1	-1	-1
39342	10	1	21277	21278	-1	-1	-1	-1	-1	-1	-1	-1	-1	-1	-1	-1	-1	-1	-1	-1	-1	-1
39350	10	1	21277	21278	-1	-1	-1	-1	-1	-1	-1	-1	-1	-1	-1	-1	-1	-1	-1	-1	-1	-1
39351	10	1	21277	21278	-1	-1	-1	-1	-1	-1	-1	-1	-1	-1	-1	-1	-1	-1	-1	-1	-1	-1
39352	10	1	21277	21278	-1	-1	-1	-1	-1	-1	-1	-1	-1	-1	-1	-1	-1	-1	-1	-1	-1	-1
39360	10	1	21277	21278	-1	-1	-1	-1	-1	-1	-1	-1	-1	-1	-1	-1	-1	-1	-1	-1	-1	-1
39361	10	1	21277	21278	-1	-1	-1	-1	-1	-1	-1	-1	-1	-1	-1	-1	-1	-1	-1	-1	-1	-1
39362	10	1	21277	21278	-1	-1	-1	-1	-1	-1	-1	-1	-1	-1	-1	-1	-1	-1	-1	-1	-1	-1
39370	10	1	21277	21278	-1	-1	-1	-1	-1	-1	-1	-1	-1	-1	-1	-1	-1	-1	-1	-1	-1	-1
39371	10	1	21277	21278	-1	-1	-1	-1	-1	-1	-1	-1	-1	-1	-1	-1	-1	-1	-1	-1	-1	-1
39372	10	1	21277	21278	-1	-1	-1	-1	-1	-1	-1	-1	-1	-1	-1	-1	-1	-1	-1	-1	-1	-1
39380	10	1	21277	21278	21493	21494	21495	21496	-1	-1	-1	-1	-1	-1	-1	-1	-1	-1	-1	-1	-1	-1
39381	10	1	21277	21278	21493	21494	21495	21496	-1	-1	-1	-1	-1	-1	-1	-1	-1	-1	-1	-1	-1	-1
39382	10	1	21277	21278	21493	21494	21495	21496	-1	-1	-1	-1	-1	-1	-1	-1	-1	-1	-1	-1	-1	-1
39390	10	1	21277	21278	-1	-1	-1	-1	-1	-1	-1	-1	-1	-1	-1	-1	-1	-1	-1	-1	-1	-1
39391	10	1	21277	21278	-1	-1	-1	-1	-1	-1	-1	-1	-1	-1	-1	-1	-1	-1	-1	-1	-1	-1
39392	10	1	21277	21278	-1	-1	-1	-1	-1	-1	-1	-1	-1	-1	-1	-1	-1	-1	-1	-1	-1	-1
39400	10	1	21277	21278	-1	-1	-1	-1	-1	-1	-1	-1	-1	-1	-1	-1	-1	-1	-1	-1	-1	-1
39401	10	1	21277	21278	-1	-1	-1	-1	-1	-1	-1	-1	-1	-1	-1	-1	-1	-1	-1	-1	-1	-1
39402	10	1	21277	21278	-1	-1	-1	-1	-1	-1	-1	-1	-1	-1	-1	-1	-1	-1	-1	-1	-1	-1
39410	10	1	21277	21278	-1	-1	-1	-1	-1	-1	-1	-1	-1	-1	-1	-1	-1	-1	-1	-1	-1	-1
39411	10	1	21277	21278	-1	-1	-1	-1	-1	-1	-1	-1	-1	-1	-1	-1	-1	-1	-1	-1	-1	-1
39412	10	1	21277	21278	-1	-1	-1	-1	-1	-1	-1	-1	-1	-1	-1	-1	-1	-1	-1	-1	-1	-1
39420	10	1	21277	21278	-1	-1	-1	-1	-1	-1	-1	-1	-1	-1	-1	-1	-1	-1	-1	-1	-1	-1
39421	10	1	21277	21278	-1	-1	-1	-1	-1	-1	-1	-1	-1	-1	-1	-1	-1	-1	-1	-1	-1	-1
39422	10	1	21277	21278	-1	-1	-1	-1	-1	-1	-1	-1	-1	-1	-1	-1	-1	-1	-1	-1	-1	-1
##燕子坞高级
39430	210	1	21279	21280	21281	21282	21383	21484	-1	-1	-1	-1	-1	-1	-1	-1	-1	-1	-1	-1	-1	-1
39431	210	1	21279	21280	21281	21282	21383	21484	-1	-1	-1	-1	-1	-1	-1	-1	-1	-1	-1	-1	-1	-1
39432	210	1	21279	21280	21281	21282	21383	21484	-1	-1	-1	-1	-1	-1	-1	-1	-1	-1	-1	-1	-1	-1
##
39440	10	1	1853	1861	-1	-1	-1	-1	-1	-1	-1	-1	-1	-1	-1	-1	-1	-1	-1	-1	-1	-1
39441	10	1	1853	1861	-1	-1	-1	-1	-1	-1	-1	-1	-1	-1	-1	-1	-1	-1	-1	-1	-1	-1
39442	10	1	1853	1861	-1	-1	-1	-1	-1	-1	-1	-1	-1	-1	-1	-1	-1	-1	-1	-1	-1	-1
39443	10	1	1853	1861	-1	-1	-1	-1	-1	-1	-1	-1	-1	-1	-1	-1	-1	-1	-1	-1	-1	-1
39444	10	1	1853	1861	-1	-1	-1	-1	-1	-1	-1	-1	-1	-1	-1	-1	-1	-1	-1	-1	-1	-1
39445	10	1	1853	1861	-1	-1	-1	-1	-1	-1	-1	-1	-1	-1	-1	-1	-1	-1	-1	-1	-1	-1
39446	10	1	1853	1861	-1	-1	-1	-1	-1	-1	-1	-1	-1	-1	-1	-1	-1	-1	-1	-1	-1	-1
39447	10	1	1853	1861	-1	-1	-1	-1	-1	-1	-1	-1	-1	-1	-1	-1	-1	-1	-1	-1	-1	-1
39448	10	1	1853	1861	-1	-1	-1	-1	-1	-1	-1	-1	-1	-1	-1	-1	-1	-1	-1	-1	-1	-1
39449	10	1	1853	1861	-1	-1	-1	-1	-1	-1	-1	-1	-1	-1	-1	-1	-1	-1	-1	-1	-1	-1
39450	10	1	1852	1861	-1	-1	-1	-1	-1	-1	-1	-1	-1	-1	-1	-1	-1	-1	-1	-1	-1	-1
39451	10	1	1852	1861	-1	-1	-1	-1	-1	-1	-1	-1	-1	-1	-1	-1	-1	-1	-1	-1	-1	-1
39452	10	1	1852	1861	-1	-1	-1	-1	-1	-1	-1	-1	-1	-1	-1	-1	-1	-1	-1	-1	-1	-1
39453	10	1	1852	1861	-1	-1	-1	-1	-1	-1	-1	-1	-1	-1	-1	-1	-1	-1	-1	-1	-1	-1
39454	10	1	1852	1861	-1	-1	-1	-1	-1	-1	-1	-1	-1	-1	-1	-1	-1	-1	-1	-1	-1	-1
39455	10	1	1852	1861	-1	-1	-1	-1	-1	-1	-1	-1	-1	-1	-1	-1	-1	-1	-1	-1	-1	-1
39456	10	1	1852	1861	-1	-1	-1	-1	-1	-1	-1	-1	-1	-1	-1	-1	-1	-1	-1	-1	-1	-1
39457	10	1	1852	1861	-1	-1	-1	-1	-1	-1	-1	-1	-1	-1	-1	-1	-1	-1	-1	-1	-1	-1
39458	10	1	1852	1861	-1	-1	-1	-1	-1	-1	-1	-1	-1	-1	-1	-1	-1	-1	-1	-1	-1	-1
39459	10	1	1852	1861	-1	-1	-1	-1	-1	-1	-1	-1	-1	-1	-1	-1	-1	-1	-1	-1	-1	-1
42040	210	1	21229	21230	21231	21232	21233	21474	-1	-1	-1	-1	-1	-1	-1	-1	-1	-1	-1	-1	-1	-1
42041	210	1	21229	21230	21231	21232	21233	21474	-1	-1	-1	-1	-1	-1	-1	-1	-1	-1	-1	-1	-1	-1
42042	210	1	21229	21230	21231	21232	21233	21474	-1	-1	-1	-1	-1	-1	-1	-1	-1	-1	-1	-1	-1	-1
42090	210	1	21229	21230	21231	21232	21233	21474	-1	-1	-1	-1	-1	-1	-1	-1	-1	-1	-1	-1	-1	-1
42091	210	1	21229	21230	21231	21232	21233	21474	-1	-1	-1	-1	-1	-1	-1	-1	-1	-1	-1	-1	-1	-1
42092	210	1	21229	21230	21231	21232	21233	21474	-1	-1	-1	-1	-1	-1	-1	-1	-1	-1	-1	-1	-1	-1
##活动九黎逆袭
42382	210	1	21113	21114	21115	-1	-1	-1	-1	-1	-1	-1	-1	-1	-1	-1	-1	-1	-1	-1	-1	-1
42383	210	1	21113	21114	21115	-1	-1	-1	-1	-1	-1	-1	-1	-1	-1	-1	-1	-1	-1	-1	-1	-1
42384	210	1	21113	21114	21115	-1	-1	-1	-1	-1	-1	-1	-1	-1	-1	-1	-1	-1	-1	-1	-1	-1
42385	210	1	21113	21114	21115	-1	-1	-1	-1	-1	-1	-1	-1	-1	-1	-1	-1	-1	-1	-1	-1	-1
42391	210	1	21113	-1	-1	-1	-1	-1	-1	-1	-1	-1	-1	-1	-1	-1	-1	-1	-1	-1	-1	-1
##三神副本
42967	210	1	21116	21117	21118	21119	21120	-1	-1	-1	-1	-1	-1	-1	-1	-1	-1	-1	-1	-1	-1	-1
42968	210	1	21116	21117	21118	21119	21120	-1	-1	-1	-1	-1	-1	-1	-1	-1	-1	-1	-1	-1	-1	-1
42969	210	1	21116	21117	21118	21119	21120	-1	-1	-1	-1	-1	-1	-1	-1	-1	-1	-1	-1	-1	-1	-1
42972	210	1	21116	21117	21118	21119	21120	-1	-1	-1	-1	-1	-1	-1	-1	-1	-1	-1	-1	-1	-1	-1
42975	210	1	21116	21117	21118	21119	21120	-1	-1	-1	-1	-1	-1	-1	-1	-1	-1	-1	-1	-1	-1	-1
##琅指５丶虻
43970	210	1	21121	21122	21123	21124	-1	-1	-1	-1	-1	-1	-1	-1	-1	-1	-1	-1	-1	-1	-1	-1
43971	210	1	21121	21122	21123	21124	-1	-1	-1	-1	-1	-1	-1	-1	-1	-1	-1	-1	-1	-1	-1	-1
43973	210	1	21121	21122	21123	21124	-1	-1	-1	-1	-1	-1	-1	-1	-1	-1	-1	-1	-1	-1	-1	-1
43975	210	1	21121	21122	21123	21124	-1	-1	-1	-1	-1	-1	-1	-1	-1	-1	-1	-1	-1	-1	-1	-1
##天荒诛魔
44004	210	1	21126	21127	-1	-1	-1	-1	-1	-1	-1	-1	-1	-1	-1	-1	-1	-1	-1	-1	-1	-1
44005	210	1	21126	21127	-1	-1	-1	-1	-1	-1	-1	-1	-1	-1	-1	-1	-1	-1	-1	-1	-1	-1
44006	210	1	21126	21127	-1	-1	-1	-1	-1	-1	-1	-1	-1	-1	-1	-1	-1	-1	-1	-1	-1	-1
##血战雁门关
45001	100	1	21365	21366	21367	21369	21370	21415	21422	21423	-1	-1	-1	-1	-1	-1	-1	-1	-1	-1	-1	-1
45002	100	1	21365	21366	21367	21369	21370	21415	21422	21423	-1	-1	-1	-1	-1	-1	-1	-1	-1	-1	-1	-1
45003	100	1	21365	21366	21367	21369	21370	21415	21422	21423	-1	-1	-1	-1	-1	-1	-1	-1	-1	-1	-1	-1
45004	100	1	21365	21366	21367	21369	21370	21415	21422	21423	-1	-1	-1	-1	-1	-1	-1	-1	-1	-1	-1	-1
45005	100	1	21365	21366	21367	21369	21370	21415	21422	21423	-1	-1	-1	-1	-1	-1	-1	-1	-1	-1	-1	-1
45006	100	1	21365	21366	21367	21369	21370	21415	21422	21423	-1	-1	-1	-1	-1	-1	-1	-1	-1	-1	-1	-1
45007	100	1	21365	21366	21367	21369	21370	21415	21422	21423	-1	-1	-1	-1	-1	-1	-1	-1	-1	-1	-1	-1
45008	100	1	21365	21366	21367	21369	21370	21415	21422	21423	-1	-1	-1	-1	-1	-1	-1	-1	-1	-1	-1	-1
45010	100	1	21365	21366	21369	21371	21406	21502	21502	21503	-1	-1	-1	-1	-1	-1	-1	-1	-1	-1	-1	-1
45011	100	1	21358	21400	21401	21499	-1	-1	-1	-1	-1	-1	-1	-1	-1	-1	-1	-1	-1	-1	-1	-1
45414	210	1	21129	21130	21131	21132	-1	-1	-1	-1	-1	-1	-1	-1	-1	-1	-1	-1	-1	-1	-1	-1
45415	210	1	21129	21130	21131	21132	-1	-1	-1	-1	-1	-1	-1	-1	-1	-1	-1	-1	-1	-1	-1	-1
45416	210	1	21129	21130	21131	21132	-1	-1	-1	-1	-1	-1	-1	-1	-1	-1	-1	-1	-1	-1	-1	-1
45417	210	1	21129	21130	21131	21132	21500	21501	-1	-1	-1	-1	-1	-1	-1	-1	-1	-1	-1	-1	-1	-1
##幻境试炼
45800	210	1	21138	21472	21538	-1	-1	-1	-1	-1	-1	-1	-1	-1	-1	-1	-1	-1	-1	-1	-1	-1
45801	210	1	21138	21472	21538	-1	-1	-1	-1	-1	-1	-1	-1	-1	-1	-1	-1	-1	-1	-1	-1	-1
45802	210	1	21138	21472	21538	-1	-1	-1	-1	-1	-1	-1	-1	-1	-1	-1	-1	-1	-1	-1	-1	-1
45803	210	1	21138	21472	21538	-1	-1	-1	-1	-1	-1	-1	-1	-1	-1	-1	-1	-1	-1	-1	-1	-1
45804	210	1	21138	21472	21538	-1	-1	-1	-1	-1	-1	-1	-1	-1	-1	-1	-1	-1	-1	-1	-1	-1
45805	210	1	21138	21472	21538	-1	-1	-1	-1	-1	-1	-1	-1	-1	-1	-1	-1	-1	-1	-1	-1	-1
45806	210	1	21138	21472	21538	-1	-1	-1	-1	-1	-1	-1	-1	-1	-1	-1	-1	-1	-1	-1	-1	-1
45807	210	1	21138	21472	21538	21539	21540	21541	-1	-1	-1	-1	-1	-1	-1	-1	-1	-1	-1	-1	-1	-1
##五方境
47100	210	1	21405	21413	21424	21425	21536	21537	-1	-1	-1	-1	-1	-1	-1	-1	-1	-1	-1	-1	-1	-1
47101	210	1	21137	21138	21473	21405	-1	-1	-1	-1	-1	-1	-1	-1	-1	-1	-1	-1	-1	-1	-1	-1
47102	210	1	21137	21138	21473	21405	-1	-1	-1	-1	-1	-1	-1	-1	-1	-1	-1	-1	-1	-1	-1	-1
47103	210	1	21137	21138	21473	21405	-1	-1	-1	-1	-1	-1	-1	-1	-1	-1	-1	-1	-1	-1	-1	-1
47104	210	1	21137	21138	21473	21405	-1	-1	-1	-1	-1	-1	-1	-1	-1	-1	-1	-1	-1	-1	-1	-1
47105	210	1	21405	21413	21424	21425	21536	21537	-1	-1	-1	-1	-1	-1	-1	-1	-1	-1	-1	-1	-1	-1
48051	100	1	21426	21504	-1	-1	-1	-1	-1	-1	-1	-1	-1	-1	-1	-1	-1	-1	-1	-1	-1	-1
48052	100	1	21426	-1	-1	-1	-1	-1	-1	-1	-1	-1	-1	-1	-1	-1	-1	-1	-1	-1	-1	-1
48053	100	1	21427	-1	-1	-1	-1	-1	-1	-1	-1	-1	-1	-1	-1	-1	-1	-1	-1	-1	-1	-1
50000	210	1	21134	21136	-1	-1	-1	-1	-1	-1	-1	-1	-1	-1	-1	-1	-1	-1	-1	-1	-1	-1
50001	210	1	21134	21136	-1	-1	-1	-1	-1	-1	-1	-1	-1	-1	-1	-1	-1	-1	-1	-1	-1	-1
50002	210	1	21134	21136	-1	-1	-1	-1	-1	-1	-1	-1	-1	-1	-1	-1	-1	-1	-1	-1	-1	-1
##50003	210	1	21134	21135	21136	-1	-1	-1	-1	-1	-1	-1	-1	-1	-1	-1	-1	-1	-1	-1	-1	-1
##50004	210	1	21134	21135	21136	-1	-1	-1	-1	-1	-1	-1	-1	-1	-1	-1	-1	-1	-1	-1	-1	-1
##50005	210	1	21134	21135	21136	-1	-1	-1	-1	-1	-1	-1	-1	-1	-1	-1	-1	-1	-1	-1	-1	-1
##50006	210	1	21134	21135	21136	-1	-1	-1	-1	-1	-1	-1	-1	-1	-1	-1	-1	-1	-1	-1	-1	-1
##50007	210	1	21134	21135	21136	-1	-1	-1	-1	-1	-1	-1	-1	-1	-1	-1	-1	-1	-1	-1	-1	-1
