INT	INT	INT	INT	INT	INT	INT	INT	INT	STRING	INT
index	商店标识	nMenuIndex	nShopIndex	物品INDEX	物品ITEMID	物品数量	物品价格	物品折扣比	商品特殊标记	颜色显示
#风絮商店工具修改 By:QQ464141564
1	1	1	1	1	20502005	1	10000	100		0
2	1	1	1	2	20501005	1	10000	100		0
3	1	1	1	3	38002553	1	1000000	100		0
4	1	1	1	4	30900048	1	1000000	100		0
5	1	1	1	5	38001976	1	41999	100		0
6	1	1	1	6	38001296	1	2120	100		0
7	1	1	1	7	20301009	1	5000	100		0
8	1	1	1	8	38000655	1	520	100		0
9	1	1	1	9	30008117	1	5120	100		0
10	1	1	1	10	30008122	1	7100	100		0
11	1	1	1	11	30008121	1	8120	100		0
12	1	1	1	12	30008123	1	5120	100		0
13	1	1	1	13	30008009	1	500	100		0
14	1	1	1	14	30008019	1	36999	100		0
15	1	1	1	15	30900045	1	888	100		0
16	1	1	1	16	38000951	1	20000	100		0
17	1	1	1	17	30103067	10	20000	100		0
18	1	1	1	18	30103068	1	50000	100		0
19	1	1	2	1	38001875	1	38	100		0
20	1	1	2	2	38000361	1	1000	100		0
21	1	1	2	3	38000527	1	98	100		0
22	1	1	2	4	20700063	1	2998	100		0
23	1	1	2	5	30008029	1	9999	100		0
24	1	1	2	6	38000943	1	1000	100		0
25	1	1	2	7	38000944	1	1000	100		0
26	1	1	2	8	38000379	1	5000	100		0
27	1	1	2	9	38000382	1	25000	100		0
28	1	1	2	10	30103042	1	1000	100		0
29	1	1	2	11	38000401	1	25000	100		0
30	1	1	3	1	30505908	1	2200	100		0
31	1	1	3	2	30505706	1	2200	100		0
32	1	1	3	3	30505806	1	2200	100		0
33	1	1	3	4	30505821	1	998	100		0
34	1	1	3	5	30505827	1	2200	100		0
35	1	1	3	6	30505818	1	2200	100		0
36	1	1	3	7	30505829	1	2200	100		0
37	1	1	3	8	38002049	1	2200	100		0
38	1	1	3	9	38002041	1	888	100		0
39	1	1	3	10	38002043	1	888	100		0
40	1	1	3	11	38002045	1	888	100		0
41	1	1	3	12	30505705	1	200	100		0
42	1	1	3	13	30505805	1	200	100		0
43	1	1	4	1	20800045	1	2600	100		0
44	1	1	4	2	20800037	1	1800	100		0
45	1	1	4	3	30503115	1	1280	100		0
46	1	1	4	4	30503118	1	200	100		0
47	1	1	4	5	30503120	1	1000	100		0
48	1	1	4	6	30503121	1	10000	100		0
49	1	1	4	7	20310113	1	10000	100		0
50	1	1	4	8	20310020	1	5000	100		0
51	1	1	5	1	10156001	1	2000	100		0
52	1	1	5	2	10156002	1	2000	100		0
53	1	1	5	3	30700233	1	200	100		0
54	1	1	5	4	30700243	1	200	100		0
55	1	1	5	5	20310159	1	200	100		0
56	1	1	5	6	30700213	1	200	100		0
57	1	1	5	7	30700240	1	200	100		0
58	1	1	5	8	20310161	1	2000	100		0
59	1	1	5	9	20310162	1	10000	100		0
60	1	1	5	10	20310163	1	50000	100		0
61	1	1	5	11	20310164	1	250000	100		0
62	1	1	5	12	20310165	1	1250000	100		0
63	1	1	5	13	20310122	1	200	100		0
64	1	1	5	14	20310131	1	200	100		0
65	1	1	5	15	20310140	1	200	100		0
66	1	1	5	16	20310149	1	200	100		0
67	1	1	5	17	20310125	1	80000	100		0
68	1	1	5	18	20310134	1	80000	100		0
69	1	1	5	19	20310143	1	80000	100		0
70	1	1	5	20	20310152	1	80000	100		0
71	1	1	5	21	20310155	1	160000	100		0
72	1	1	5	22	20310146	1	160000	100		0
73	1	1	5	23	20310137	1	160000	100		0
74	1	1	5	24	20310128	1	160000	100		0
75	1	1	6	1	10157002	1	200	100		0
76	1	1	6	2	20310177	1	2000	100		0
77	1	1	6	3	20310178	1	5000	100		0
78	1	1	6	4	20310179	1	10000	100		0
79	1	1	6	5	20310196	1	20000	100		0
80	1	1	6	6	20310196	10	200000	100		0
81	1	1	6	7	20310180	1	2000	100		0
82	1	1	6	8	38000930	1	888	100		0
83	1	1	6	9	38000152	1	2000	100		0
84	1	1	6	10	38000164	1	2000	100		0
85	1	1	6	11	38000165	1	2000	100		0
86	1	1	6	12	38001897	1	200	100		0
87	1	1	6	13	38000933	1	200	100		0
88	1	1	6	14	38000990	1	999	100		0
89	1	1	6	15	38000971	1	500000	100		0
90	1	1	6	16	38000972	1	500000	100		0
91	1	1	6	17	38000973	1	500000	100		0
92	1	1	6	18	38000974	1	500000	100		0
93	1	1	6	19	22802007	1	400000	100		0
94	1	1	6	20	20310182	1	18888	100		0
95	1	1	6	21	20310183	1	18888	100		0
96	1	1	6	22	20310181	1	18888	100		0
97	1	1	7	1	38001088	1	2888	100		0
98	1	1	7	2	38001090	1	5000	100		0
99	1	1	7	3	38001021	1	100	100		0
100	1	1	7	4	38001113	1	100	100		0
101	1	1	7	5	20800035	1	666	100		0
102	1	1	7	6	38001454	1	100	100		0
103	1	1	8	1	38000832	1	1000	100		0
104	1	1	8	2	38000652	1	100000	100		0
105	1	1	8	3	38000656	1	10000	100		0
106	1	1	8	4	38000658	1	10000	100		0
107	1	1	8	5	38000839	1	20000	100		0
108	1	1	8	6	38000807	1	1000	100		0
109	1	2	1	1	22701001	1	80000	100		0
110	1	2	1	2	22701002	1	80000	100		0
111	1	2	1	3	22702001	1	80000	100		0
112	1	2	1	4	22702005	1	100000	100		0
113	1	2	1	5	22702006	1	100000	100		0
114	1	2	1	6	22702007	1	100000	100		0
115	1	2	1	7	22702008	1	100000	100		0
116	1	2	1	8	22703001	1	80000	100		0
117	1	2	1	9	22704002	1	80000	100		0
118	1	2	1	10	22712005	1	80000	100		0
119	1	2	1	11	22712006	1	80000	100		0
120	1	2	1	12	22712007	1	80000	100		0
121	1	2	1	13	22712008	1	80000	100		0
122	1	2	1	14	22713001	1	80000	100		0
123	1	2	1	15	22713002	1	80000	100		0
124	1	2	1	16	22713003	1	80000	100		0
125	1	2	1	17	22713004	1	80000	100		0
126	1	2	1	18	22713005	1	80000	100		0
127	1	2	1	19	22713006	1	80000	100		0
128	1	2	1	20	22714001	1	80000	100		0
129	1	2	1	21	22716001	1	80000	100		0
130	1	2	1	22	22716002	1	80000	100		0
131	1	2	1	23	22721407	1	320000	100		0
132	1	2	1	24	22721307	1	320000	100		0
133	1	2	1	25	22721207	1	320000	100		0
134	1	2	1	26	22721107	1	320000	100		0
135	1	2	2	1	30501180	1	1500	100		0
136	1	2	2	2	30501189	1	1500	100		0
137	1	2	2	3	30501198	1	1500	100		0
138	1	2	2	4	30501207	1	1500	100		0
139	1	2	2	5	30501216	1	1500	100		0
140	1	2	2	6	30501225	1	1500	100		0
141	1	2	2	7	30501234	1	1500	100		0
142	1	2	2	8	30501243	1	1500	100		0
143	1	2	2	9	30501325	1	1500	100		0
144	1	2	3	1	30900126	1	1200	100		0
145	1	2	3	2	38000447	1	98	100		0
146	1	2	3	3	30900010	1	98	100		0
147	1	2	3	4	30900015	1	38	100		0
148	1	2	3	5	30900056	1	38	100		0
149	1	2	3	6	30900057	1	398	100		0
150	1	2	3	7	20109101	1	699	100		0
151	1	2	3	8	20109001	1	1	100		0
152	1	2	3	9	20109002	1	16	100		0
153	1	2	3	10	20109003	1	24	100		0
154	1	2	3	11	20109004	1	34	100		0
155	1	2	3	12	20109005	1	40	100		0
156	1	2	3	13	20109006	1	48	100		0
157	1	2	3	14	20109007	1	56	100		0
158	1	2	3	15	20109008	1	64	100		0
159	1	2	3	16	20109009	1	72	100		0
160	1	2	3	17	20109010	1	80	100		0
161	1	2	3	18	20109011	1	100	100		0
162	1	2	3	19	20109012	1	120	100		0
163	1	2	3	20	30900038	1	40	100		0
164	1	2	3	21	30900039	1	80	100		0
165	1	2	3	22	30900040	1	200	100		0
166	1	2	3	23	30900041	1	300	100		0
167	1	2	3	24	30900042	1	400	100		0
168	1	2	3	25	30900043	1	500	100		0
169	1	2	3	26	30900044	1	600	100		0
170	1	2	3	27	30900028	1	1	100		0
171	1	2	3	28	30900029	1	200	100		0
172	1	2	3	29	30900030	1	360	100		0
173	1	2	3	30	30900031	1	600	100		0
174	1	2	3	31	30900032	1	920	100		0
175	1	3	1	1	30309612	1	3050	100		0
176	1	3	1	2	30309734	1	7520	100		0
177	1	3	1	3	30309733	1	7520	100		0
178	1	3	1	4	30309732	1	1176	100		0
179	1	3	1	5	30309683	1	1120	100		0
180	1	3	1	6	30309613	1	3050	100		0
181	1	3	1	7	30505121	1	6324	100		0
182	1	3	1	8	30309052	1	2715	100		0
183	1	3	1	9	30309735	1	7520	100		0
184	1	3	1	10	30309736	1	7520	100		0
185	1	3	1	11	30309737	1	7520	100		0
186	1	3	1	12	30309738	1	7520	100		0
187	1	3	1	13	30309739	1	7520	100		0
188	1	3	1	14	30309770	1	7520	100		0
189	1	3	1	15	30309043	1	7520	100		0
190	1	3	1	16	30309799	1	7520	100		0
191	1	3	1	17	30309823	1	7520	100		0
192	1	3	1	18	30309762	1	7520	100		0
193	1	3	2	1	30310000	1	8340	100		0
194	1	3	2	2	30309999	1	8340	100		0
195	1	3	2	3	30309998	1	8340	100		0
196	1	3	2	4	30309997	1	8340	100		0
197	1	3	2	5	30309996	1	8340	100		0
198	1	3	2	6	30309918	1	8340	100		0
199	1	3	2	7	30309917	1	8340	100		0
200	1	3	2	8	30309925	1	8340	100		0
201	1	3	2	9	30309920	1	8340	100		0
202	1	3	2	10	30309921	1	8340	100		0
203	1	3	2	11	30309873	1	4523	100		0
204	1	3	2	12	30309871	1	1782	100		0
205	1	3	2	13	30309867	1	1012	100		0
206	1	3	2	14	30309864	1	1420	100		0
207	1	3	2	15	30309861	1	2456	100		0
208	1	3	2	16	30309860	1	2375	100		0
209	1	3	2	17	30309857	1	5637	100		0
210	1	3	2	18	30309856	1	2678	100		0
211	1	3	2	19	30309855	1	7520	100		0
212	1	3	2	20	30309854	1	7520	100		0
213	1	3	2	21	30309853	1	2541	100		0
214	1	3	2	22	30309852	1	4412	100		0
215	1	3	2	23	30309851	1	5345	100		0
216	1	3	2	24	30309850	1	2254	100		0
217	1	3	2	25	30309849	1	4872	100		0
218	1	3	2	26	30309848	1	1668	100		0
219	1	3	2	27	30309847	1	4536	100		0
220	1	3	2	28	30309846	1	4536	100		0
221	1	3	2	29	30309845	1	1123	100		0
222	1	3	2	30	30309844	1	5270	100		0
223	1	3	2	31	30309843	1	982	100		0
224	1	3	2	32	30309842	1	3888	100		0
225	1	3	2	33	30309841	1	4222	100		0
226	1	3	2	34	30309840	1	4850	100		0
227	1	3	2	35	30309839	1	5120	100		0
228	1	3	2	36	30309838	1	1688	100		0
229	1	3	2	37	30309837	1	3580	100		0
230	1	3	2	38	30309836	1	1120	100		0
231	1	3	2	39	30309835	1	2530	100		0
232	1	3	2	40	30309834	1	750	100		0
233	1	3	2	41	30309833	1	1102	100		0
234	1	3	3	1	30402025	1	1840	100		0
235	1	3	3	2	30402100	1	5688	100		0
236	1	3	3	3	30402102	1	5688	100		0
237	1	3	3	4	30402104	1	5688	100		0
238	1	3	3	5	30402106	1	5688	100		0
239	1	3	3	6	30402116	1	5688	100		0
240	1	3	3	7	30402118	1	5688	100		0
241	1	3	3	8	30402120	1	5688	100		0
242	1	3	3	9	30402122	1	5688	100		0
243	1	3	3	10	30402124	1	5688	100		0
244	1	3	3	11	30402096	1	920	100		0
245	1	3	3	12	30402097	1	920	100		0
246	1	3	3	13	30402098	1	920	100		0
247	1	3	3	14	30402099	1	920	100		0
248	1	3	3	15	30402029	1	396	100		0
249	1	3	3	16	30402035	1	396	100		0
250	1	3	3	17	30402045	1	528	100		0
251	1	3	3	18	30402091	1	720	100		0
252	1	3	3	19	30402093	1	600	100		0
253	1	3	3	20	30402051	1	528	100		0
254	1	3	3	21	30402052	1	528	100		0
255	1	3	3	22	30402053	1	528	100		0
256	1	3	3	23	30402054	1	528	100		0
257	1	3	3	24	30402033	1	396	100		0
258	1	3	3	25	30402037	1	396	100		0
259	1	3	3	26	30402039	1	396	100		0
260	1	3	3	27	30402041	1	396	100		0
261	1	3	3	28	30402043	1	396	100		0
262	1	3	3	29	30402081	1	396	100		0
263	1	3	3	30	30402082	1	396	100		0
264	1	3	3	31	30402083	1	396	100		0
265	1	3	3	32	30402084	1	396	100		0
266	1	3	3	33	30402085	1	396	100		0
267	1	3	3	34	30402086	1	396	100		0
268	1	3	3	35	30402055	1	396	100		0
269	1	3	3	36	30402059	1	396	100		0
270	1	3	3	37	30402047	1	396	100		0
271	1	3	3	38	30402049	1	396	100		0
272	1	3	3	39	30402061	1	396	100		0
273	1	3	3	40	30402063	1	396	100		0
274	1	3	3	41	30402065	1	396	100		0
275	1	3	3	42	30402067	1	396	100		0
276	1	3	3	43	30402069	1	396	100		0
277	1	3	3	44	30402073	1	396	100		0
278	1	3	3	45	30402075	1	396	100		0
279	1	3	3	46	30402077	1	396	100		0
280	1	3	3	47	30402079	1	396	100		0
281	1	3	4	1	30402095	1	39800	100		0
282	1	3	4	2	30402101	1	8688	100		0
283	1	3	4	3	30402103	1	8688	100		0
284	1	3	4	4	30402105	1	8688	100		0
285	1	3	4	5	30402107	1	8688	100		0
286	1	3	4	6	30402117	1	8688	100		0
287	1	3	4	7	30402119	1	8688	100		0
288	1	3	4	8	30402121	1	8688	100		0
289	1	3	4	9	30402123	1	8688	100		0
290	1	3	4	10	30402125	1	8688	100		0
291	1	3	4	11	30402087	1	5960	100		0
292	1	3	4	12	30402088	1	5960	100		0
293	1	3	4	13	30402089	1	5960	100		0
294	1	3	4	14	30402090	1	5960	100		0
295	1	3	4	15	30402026	1	2320	100		0
296	1	3	4	16	30402030	1	1096	100		0
297	1	3	4	17	30402034	1	1096	100		0
298	1	3	4	18	30402036	1	1096	100		0
299	1	3	4	19	30402046	1	1596	100		0
300	1	3	4	20	30402038	1	1096	100		0
301	1	3	4	21	30402040	1	1096	100		0
302	1	3	4	22	30402042	1	1096	100		0
303	1	3	4	23	30402044	1	1096	100		0
304	1	3	4	24	30402092	1	1996	100		0
305	1	3	4	25	30402094	1	1580	100		0
306	1	3	4	26	30402072	1	1596	100		0
307	1	3	4	27	30402048	1	1096	100		0
308	1	3	4	28	30402050	1	1096	100		0
309	1	3	4	29	30402012	1	1096	100		0
310	1	3	4	30	30402014	1	1096	100		0
311	1	3	4	31	30402016	1	1096	100		0
312	1	3	4	32	30402018	1	1096	100		0
313	1	3	4	33	30402020	1	1096	100		0
314	1	3	4	34	30402056	1	1096	100		0
315	1	3	4	35	30402060	1	1096	100		0
316	1	3	4	36	30402062	1	1096	100		0
317	1	3	4	37	30402064	1	1096	100		0
318	1	3	4	38	30402066	1	1096	100		0
319	1	3	4	39	30402068	1	1096	100		0
320	1	3	4	40	30402070	1	1096	100		0
321	1	3	4	41	30402074	1	1096	100		0
322	1	3	4	42	30402076	1	1096	100		0
323	1	3	4	43	30402078	1	1096	100		0
324	1	3	4	44	30402080	1	1096	100		0
325	1	3	4	45	30402001	1	9999	100		0
326	1	3	4	46	30402002	1	9999	100		0
327	1	3	4	47	30402003	1	9999	100		0
328	1	3	4	48	30402004	1	9999	100		0
329	1	3	5	1	30503201	1	149800	100		0
330	1	3	5	2	30503192	1	149800	100		0
331	1	3	5	3	30503190	1	149800	100		0
332	1	3	5	4	39901016	1	149800	100		0
333	1	3	5	5	30503186	1	149800	100		0
334	1	3	5	6	30503185	1	149800	100		0
335	1	3	5	7	30503183	1	149800	100		0
336	1	3	5	8	30503184	1	149800	100		0
337	1	3	5	9	30900123	1	204	100		0
338	1	3	5	10	38001082	1	180	100		0
339	1	3	5	11	38001080	1	180	100		0
340	1	3	5	12	30503043	1	500	100		0
341	1	3	5	13	30503044	1	1800	100		0
342	1	3	5	14	30503045	1	9000	100		0
343	1	3	5	15	30503034	1	500	100		0
344	1	3	5	16	30503035	1	1800	100		0
345	1	3	5	17	30503036	1	9000	100		0
346	1	3	5	18	30503052	1	500	100		0
347	1	3	5	19	30503053	1	1800	100		0
348	1	3	5	20	30503054	1	9000	100		0
349	1	3	5	21	30503176	1	1500	100		0
350	1	3	5	22	30503177	1	6000	100		0
351	1	3	5	23	30503178	1	30000	100		0
352	1	3	5	24	30503017	1	500	100		0
353	1	3	5	25	30503018	1	500	100		0
354	1	3	5	26	30503019	1	500	100		0
355	1	3	5	27	30503020	1	500	100		0
356	1	3	5	28	30502000	10	240	100		0
357	1	3	5	29	30502001	10	320	100		0
358	1	3	5	30	30502002	10	400	100		0
359	1	3	5	31	30502005	1	5000	100		0
360	1	3	5	32	30503021	1	9999	100		0
361	1	3	5	33	30502003	1	20000	100		0
362	1	3	5	34	30509500	1	400	100		0
363	1	3	5	35	30509501	1	800	100		0
364	1	3	5	36	30509502	1	1400	100		0
365	1	3	5	37	30509503	1	1600	100		0
366	1	3	5	38	30900061	1	500	100		0
367	1	3	5	39	30503182	10	8888	100		0
368	1	4	1	1	38002067	1	600	100		0
369	1	4	1	2	38002046	1	888	100		0
370	1	4	1	3	30008119	1	150	100		0
371	1	4	1	4	30008027	1	60	100		0
372	1	4	1	5	30008003	1	38	100		0
373	1	4	1	6	30008016	1	24	100		0
374	1	4	1	7	30700243	1	200	100		0
375	1	4	1	8	30008005	1	200	100		0
376	1	4	1	9	30008004	1	2000	100		0
377	1	4	1	10	31000000	1	168	100		0
378	1	4	1	11	31000002	1	160	100		0
379	1	4	1	12	31000001	1	200	100		0
380	1	4	1	13	31000003	1	200	100		0
381	1	4	2	1	38004292	1	20000	100		0
382	1	4	2	2	38004293	1	20000	100		0
383	1	4	2	3	38004294	1	20000	100		0
384	1	4	2	4	38004295	1	20000	100		0
385	1	4	2	5	38004296	1	20000	100		0
386	1	4	2	6	38004297	1	20000	100		0
387	1	4	2	7	38004298	1	20000	100		0
388	1	4	2	8	38004299	1	20000	100		0
389	1	4	2	9	38004300	1	20000	100		0
390	1	4	2	10	38004301	1	20000	100		0
391	1	4	2	11	38004302	1	20000	100		0
392	1	4	2	12	38004303	1	20000	100		0
393	1	4	2	13	38004304	1	20000	100		0
394	1	4	2	14	38004305	1	20000	100		0
395	1	4	2	15	38004306	1	20000	100		0
396	1	4	2	16	38004307	1	20000	100		0
397	1	4	2	17	38004308	1	20000	100		0
398	1	4	2	18	38004309	1	20000	100		0
399	1	4	2	19	38004310	1	20000	100		0
400	1	4	2	20	38004311	1	20000	100		0
401	1	4	2	21	38004312	1	20000	100		0
402	1	4	2	22	38004313	1	20000	100		0
403	1	4	2	23	38004314	1	20000	100		0
404	1	4	2	24	38004315	1	20000	100		0
405	1	4	2	25	38004316	1	20000	100		0
406	1	4	2	26	38004317	1	20000	100		0
407	1	4	2	27	38004318	1	20000	100		0
408	1	4	2	28	38004319	1	20000	100		0
409	1	4	2	29	38004320	1	10000	100		0
410	1	4	2	30	38004321	1	10000	100		0
411	1	4	2	31	38004322	1	10000	100		0
412	1	4	2	32	38004323	1	10000	100		0
413	1	4	2	33	38004324	1	10000	100		0
414	1	4	2	34	38004325	1	10000	100		0
415	1	4	2	35	38004326	1	10000	100		0
416	1	4	2	36	38004327	1	10000	100		0
417	1	4	2	37	38004328	1	10000	100		0
418	1	4	2	38	38004329	1	10000	100		0
419	1	4	2	39	38004330	1	10000	100		0
420	1	4	2	40	38004331	1	10000	100		0
421	1	4	2	41	38004332	1	10000	100		0
422	1	4	2	42	38004333	1	10000	100		0
423	1	4	2	43	38004334	1	10000	100		0
424	1	4	2	44	38004335	1	10000	100		0
425	1	4	2	45	38004336	1	10000	100		0
426	1	4	2	46	38004337	1	10000	100		0
427	1	4	2	47	38004338	1	10000	100		0
428	1	4	2	48	38004339	1	10000	100		0
429	1	4	2	49	38004340	1	10000	100		0
430	1	4	2	50	38004341	1	10000	100		0
431	1	4	2	51	38004342	1	10000	100		0
432	1	4	2	52	38004343	1	10000	100		0
433	1	4	2	53	38004344	1	10000	100		0
434	1	4	2	54	38004345	1	10000	100		0
435	1	4	2	55	38004346	1	10000	100		0
436	1	4	2	56	38004347	1	10000	100		0
437	1	4	2	57	38004348	1	10000	100		0
438	1	4	2	58	38004349	1	10000	100		0
439	1	4	2	59	38004350	1	10000	100		0
440	1	4	2	60	38004351	1	10000	100		0
441	1	4	2	61	38004352	1	10000	100		0
442	1	4	2	62	38004353	1	10000	100		0
443	1	4	3	1	30000000	1	1500	100		0
444	1	4	3	2	30001031	1	2000	100		0
445	1	4	3	3	38002899	1	132000	100		0
446	1	4	3	4	38000360	1	2000	100		0
447	1	4	3	5	38000361	1	5000	100		0
448	1	4	3	6	38002121	1	150	100		0
449	1	4	3	7	38001595	1	100	100		0
450	1	4	3	8	38001241	1	200	100		0
451	1	4	3	9	38001078	1	300	100		0
452	1	4	3	10	30008123	1	110	100		0
453	1	4	3	11	38001020	1	398	100		0
454	1	4	3	12	38002567	1	10200	100		0
455	1	4	3	13	30008114	1	300	100		0
456	1	4	3	14	30501122	1	40	100		0
457	1	4	3	15	30505260	1	32	100		0
458	1	4	3	16	30008105	1	4800	100		0
459	1	4	3	17	30503140	1	180	100		0
460	1	4	3	18	30008026	1	12	100		0
461	1	4	3	19	30700204	1	400	100		0
462	1	4	3	20	30501358	1	40	100		0
463	1	4	3	21	30501358	11	400	100		0
464	1	4	3	22	30501167	1	50	100		0
465	1	4	3	23	30501167	11	500	100		0
466	1	4	3	24	30501173	1	800	100		0
467	1	4	3	25	30505106	1	132	100		0
468	1	4	3	26	30505079	1	3999	100		0
469	1	4	3	27	31000100	1	400	100		0
470	1	4	3	28	30008013	1	2560	100		0
471	1	4	3	29	30008007	1	100	100		0
472	1	4	3	30	30008009	1	80	100		0
473	1	4	3	31	30008006	1	80	100		0
474	1	4	4	1	30505053	10	32	100		0
475	1	4	4	2	30505054	10	40	100		0
476	1	4	4	3	30505055	10	48	100		0
477	1	4	4	4	30505056	10	56	100		0
478	1	4	4	5	30505057	10	64	100		0
479	1	4	4	6	30505058	10	72	100		0
480	1	4	4	7	30505059	10	80	100		0
481	1	4	4	8	30501037	1	32	100		0
482	1	4	4	9	30501038	1	32	100		0
483	1	4	4	10	30501039	1	32	100		0
484	1	4	4	11	30501040	1	32	100		0
485	1	4	4	12	30501041	1	32	100		0
486	1	4	4	13	30501042	1	32	100		0
487	1	5	1	1	10124043	1	4000	100		0
488	1	5	1	2	10125000	1	16800	100		0
489	1	5	1	3	10124392	1	71000	100		0
490	1	5	1	4	10124391	1	51200	100		0
491	1	5	1	5	10124390	1	51200	100		0
492	1	5	1	6	10124356	1	5120	100		0
493	1	5	1	7	10125335	1	5120	100		0
494	1	5	1	8	10125326	1	5120	100		0
495	1	5	1	9	10125306	1	5120	100		0
496	1	5	1	10	10125232	1	5120	100		0
497	1	5	1	11	10125241	1	5120	100		0
498	1	5	1	12	10125250	1	5120	100		0
499	1	5	1	13	10125259	1	5120	100		0
500	1	5	1	14	10125268	1	5120	100		0
501	1	5	1	15	10125277	1	5120	100		0
502	1	5	1	16	10125286	1	5120	100		0
503	1	5	1	17	10125295	1	5120	100		0
504	1	5	1	18	10125223	1	5120	100		0
505	1	5	1	19	10125168	1	5120	100		0
506	1	5	1	20	10125178	1	5120	100		0
507	1	5	1	21	10125187	1	5120	100		0
508	1	5	1	22	10125214	1	5120	100		0
509	1	5	1	23	10125159	1	5120	100		0
510	1	5	1	24	10125112	1	5120	100		0
511	1	5	1	25	10125121	1	5120	100		0
512	1	5	1	26	10125149	1	5120	100		0
513	1	5	1	27	10125140	1	5120	100		0
514	1	5	1	28	10125066	1	5120	100		0
515	1	5	1	29	10124363	1	5120	100		0
516	1	5	1	30	10124362	1	5120	100		0
517	1	5	1	31	10124361	1	5120	100		0
518	1	5	1	32	10124360	1	5120	100		0
519	1	5	1	33	10124359	1	5120	100		0
520	1	5	1	34	10124239	1	5120	100		0
521	1	5	1	35	10124234	1	5120	100		0
522	1	5	1	36	10124339	1	5120	100		0
523	1	5	1	37	10124368	1	5120	100		0
524	1	5	1	38	10124364	1	5120	100		0
525	1	5	1	39	10125094	1	5120	100		0
526	1	5	1	40	10125084	1	5120	100		0
527	1	5	1	41	10125075	1	4800	100		0
528	1	5	1	42	10124354	1	3800	100		0
529	1	5	1	43	10125038	1	5120	100		0
530	1	5	1	44	10125011	1	5188	100		0
531	1	5	1	45	10125011	1	4852	100		0
532	1	5	1	46	10125029	1	3888	100		0
533	1	5	1	47	10125048	1	4152	100		0
534	1	5	1	48	10125057	1	5120	100		0
535	1	5	1	49	10125066	1	5120	100		0
536	1	5	1	50	10125075	1	4852	100		0
537	1	5	1	51	10125084	1	5120	100		0
538	1	5	1	52	10125094	1	3888	100		0
539	1	5	1	53	10125103	1	5120	100		0
540	1	5	1	54	10124353	1	3888	100		0
541	1	5	1	55	10124350	1	3888	100		0
542	1	5	1	56	10124349	1	3888	100		0
543	1	5	1	57	10124348	1	3888	100		0
544	1	5	1	58	10124347	1	3888	100		0
545	1	5	1	59	10124345	1	3888	100		0
546	1	5	1	60	10124337	1	3888	100		0
547	1	5	1	61	10124317	1	4120	100		0
548	1	5	1	62	10124285	1	4120	100		0
549	1	5	1	63	10124435	1	99999	100		0
550	1	5	1	64	10124436	1	99999	100		0
551	1	5	1	65	10124415	1	99999	100		0
552	1	5	1	66	10124409	1	99999	100		0
553	1	5	1	67	10124410	1	99999	100		0
554	1	5	1	68	10124374	1	99999	100		0
555	1	5	1	69	10124403	1	5120	100		0
556	1	5	1	70	10124405	1	5120	100		0
557	1	5	1	71	10124406	1	5120	100		0
558	1	5	1	72	10124407	1	5120	100		0
559	1	5	1	73	10124408	1	5120	100		0
560	1	5	1	74	10124411	1	5120	100		0
561	1	5	1	75	10124412	1	5120	100		0
562	1	5	1	76	10124413	1	5120	100		0
563	1	5	1	77	10124414	1	5120	100		0
564	1	5	1	78	10124416	1	5120	100		0
565	1	5	1	79	10124417	1	5120	100		0
566	1	5	1	80	10124420	1	5120	100		0
567	1	5	1	81	10124422	1	5120	100		0
568	1	5	1	82	10124421	1	5120	100		0
569	1	5	2	1	10124438	1	5120	100		0
570	1	5	2	2	10124439	1	5120	100		0
571	1	5	2	3	10124440	1	5120	100		0
572	1	5	2	4	10124441	1	5120	100		0
573	1	5	2	5	10124442	1	5120	100		0
574	1	5	2	6	10124443	1	5120	100		0
575	1	5	2	7	10124444	1	5120	100		0
576	1	5	2	8	10124445	1	5120	100		0
577	1	5	2	9	10124446	1	5120	100		0
578	1	5	2	10	10124447	1	5120	100		0
579	1	5	2	11	10124448	1	5120	100		0
580	1	5	2	12	10124449	1	5120	100		0
581	1	5	2	13	10124450	1	5120	100		0
582	1	5	2	14	10124451	1	5120	100		0
583	1	5	2	15	10124452	1	5120	100		0
584	1	5	2	16	10124453	1	5120	100		0
585	1	5	2	17	10124454	1	5120	100		0
586	1	5	2	18	10124455	1	5120	100		0
587	1	5	2	19	10124456	1	5120	100		0
588	1	5	2	20	10124457	1	5120	100		0
589	1	5	2	21	10124458	1	5120	100		0
590	1	5	2	22	10124461	1	5120	100		0
591	1	5	2	23	10124462	1	5120	100		0
592	1	5	2	24	10124463	1	5120	100		0
593	1	5	2	25	10124464	1	5120	100		0
594	1	5	2	26	10124465	1	5120	100		0
595	1	5	2	27	10124466	1	5120	100		0
596	1	5	2	28	10124467	1	5120	100		0
597	1	5	2	29	10124468	1	5120	100		0
598	1	5	2	30	10124478	1	5120	100		0
599	1	5	2	31	10124479	1	5120	100		0
600	1	5	2	32	10124480	1	5120	100		0
601	1	5	2	33	10124490	1	5120	100		0
602	1	5	2	34	10124491	1	5120	100		0
603	1	5	2	35	10124492	1	5120	100		0
604	1	5	2	36	10124493	1	5120	100		0
605	1	5	2	37	10125350	1	5120	100		0
606	1	5	2	38	10125349	1	5120	100		0
607	1	5	3	1	20307001	1	398	100		0
608	1	5	3	2	20307187	1	398	100		0
609	1	5	3	3	20307186	1	398	100		0
610	1	5	3	4	20307185	1	398	100		0
611	1	5	3	5	20307184	1	398	100		0
612	1	5	3	6	20307183	1	398	100		0
613	1	5	3	7	20307182	1	398	100		0
614	1	5	3	8	20307181	1	398	100		0
615	1	5	3	9	20307180	1	398	100		0
616	1	5	3	10	20307179	1	398	100		0
617	1	5	3	11	20307178	1	398	100		0
618	1	5	3	12	20307177	1	398	100		0
619	1	5	3	13	20307176	1	398	100		0
620	1	5	3	14	20307175	1	398	100		0
621	1	5	3	15	20307174	1	398	100		0
622	1	5	3	16	20307173	1	398	100		0
623	1	5	3	17	20307172	1	398	100		0
624	1	5	3	18	20307171	1	398	100		0
625	1	5	3	19	20307170	1	398	100		0
626	1	5	3	20	20307169	1	398	100		0
627	1	5	3	21	20307168	1	398	100		0
628	1	5	3	22	20307167	1	280	100		0
629	1	5	3	23	20307166	1	280	100		0
630	1	5	3	24	20307165	1	280	100		0
631	1	5	3	25	20307164	1	280	100		0
632	1	5	3	26	20307163	1	280	100		0
633	1	5	3	27	20307162	1	280	100		0
634	1	5	3	28	20307161	1	280	100		0
635	1	5	3	29	20307160	1	280	100		0
636	1	5	3	30	20307159	1	280	100		0
637	1	5	3	31	20307158	1	280	100		0
638	1	5	3	32	20307157	1	280	100		0
639	1	5	3	33	20307156	1	280	100		0
640	1	5	3	34	20307155	1	280	100		0
641	1	5	3	35	20307154	1	280	100		0
642	1	5	3	36	20307153	1	280	100		0
643	1	5	3	37	20307152	1	280	100		0
644	1	5	3	38	20307151	1	280	100		0
645	1	5	3	39	20307150	1	280	100		0
646	1	5	3	40	20307149	1	280	100		0
647	1	5	3	41	20307148	1	280	100		0
648	1	5	3	42	20307147	1	280	100		0
649	1	5	3	43	20307146	1	280	100		0
650	1	5	3	44	20307145	1	280	100		0
651	1	5	3	45	20307144	1	280	100		0
652	1	5	3	46	20307143	1	280	100		0
653	1	5	3	47	20307142	1	280	100		0
654	1	5	3	48	20307141	1	280	100		0
655	1	5	3	49	20307140	1	280	100		0
656	1	5	3	50	20307139	1	280	100		0
657	1	5	3	51	20307138	1	280	100		0
658	1	5	3	52	20307137	1	280	100		0
659	1	5	3	53	20307136	1	280	100		0
660	1	5	3	54	20307135	1	280	100		0
661	1	5	3	55	20307134	1	280	100		0
662	1	5	3	56	20307133	1	198	100		0
663	1	5	3	57	20307132	1	198	100		0
664	1	5	3	58	20307131	1	198	100		0
665	1	5	3	59	20307130	1	198	100		0
666	1	5	3	60	20307129	1	198	100		0
667	1	5	3	61	20307128	1	198	100		0
668	1	5	3	62	20307127	1	198	100		0
669	1	5	3	63	20307126	1	198	100		0
670	1	5	3	64	20307125	1	198	100		0
671	1	5	3	65	20307124	1	198	100		0
672	1	5	3	66	20307123	1	198	100		0
673	1	5	3	67	20307122	1	198	100		0
674	1	5	3	68	20307121	1	198	100		0
675	1	5	3	69	20307120	1	198	100		0
676	1	5	3	70	20307119	1	198	100		0
677	1	5	3	71	20307118	1	198	100		0
678	1	5	3	72	20307117	1	198	100		0
679	1	5	3	73	20307116	1	198	100		0
680	1	5	3	74	20307115	1	198	100		0
681	1	5	3	75	20307114	1	198	100		0
682	1	5	3	76	20307113	1	198	100		0
683	1	5	3	77	20307112	1	198	100		0
684	1	5	3	78	20307111	1	198	100		0
685	1	5	3	79	20307110	1	198	100		0
686	1	5	3	80	20307109	1	198	100		0
687	1	5	3	81	20307108	1	198	100		0
688	1	5	3	82	20307107	1	198	100		0
689	1	5	3	83	20307106	1	198	100		0
690	1	5	3	84	20307105	1	198	100		0
691	1	5	3	85	20307104	1	198	100		0
692	1	5	3	86	20307103	1	198	100		0
693	1	5	3	87	20307102	1	198	100		0
694	1	5	3	88	20307101	1	198	100		0
695	1	5	4	1	30008039	1	480	80		0
696	1	5	4	2	30008020	1	998	100		0
697	1	5	4	3	30503140	1	150	100		0
698	1	5	5	1	30503134	1	10	100		0
699	1	5	5	2	30503136	1	60	100		0
700	1	5	5	3	30503135	1	15	100		0
701	1	5	5	4	59000011	1	4800	100		0
702	1	5	5	5	59000022	1	4800	100		0
703	1	5	5	6	59000033	1	4800	100		0
704	1	5	5	7	59000010	1	4800	100		0
705	1	5	5	8	59000021	1	4800	100		0
706	1	5	5	9	59000032	1	4800	100		0
707	1	5	5	10	59000009	1	4800	100		0
708	1	5	5	11	59000020	1	4800	100		0
709	1	5	5	12	59000031	1	4800	100		0
710	1	5	5	13	59000008	1	4800	100		0
711	1	5	5	14	59000019	1	4800	100		0
712	1	5	5	15	59000030	1	4800	100		0
713	1	5	5	16	59000007	1	4800	100		0
714	1	5	5	17	59000018	1	4800	100		0
715	1	5	5	18	59000029	1	4800	100		0
716	1	5	5	19	59000006	1	4800	100		0
717	1	5	5	20	59000017	1	4800	100		0
718	1	5	5	21	59000028	1	4800	100		0
719	1	5	5	22	59000005	1	4800	100		0
720	1	5	5	23	59000016	1	4800	100		0
721	1	5	5	24	59000027	1	4800	100		0
722	1	5	5	25	59000004	1	4800	100		0
723	1	5	5	26	59000015	1	4800	100		0
724	1	5	5	27	59000026	1	4800	100		0
725	1	5	5	28	59000003	1	4800	100		0
726	1	5	5	29	59000014	1	4800	100		0
727	1	5	5	30	59000025	1	4800	100		0
728	1	5	5	31	59000002	1	4800	100		0
729	1	5	5	32	59000013	1	4800	100		0
730	1	5	5	33	59000024	1	4800	100		0
731	1	5	5	34	59000001	1	4800	100		0
732	1	5	5	35	59000012	1	4800	100		0
733	1	5	5	36	59000023	1	4800	100		0
734	1	5	6	1	10149046	1	30000	100		0
735	1	5	6	2	10141824	1	28888	100		0
736	1	5	6	3	10141825	1	31999	100		0
737	1	5	6	4	10141826	1	38000	100		0
738	1	5	6	5	10141827	1	38000	100		0
739	1	5	6	6	10141830	1	38000	100		0
740	1	5	6	7	10141829	1	38000	100		0
741	1	5	6	8	10149002	1	30000	100		0
742	1	5	6	9	10141809	1	33298	100		0
743	1	5	6	10	10149001	1	30000	100		0
744	1	5	6	11	10141811	1	30000	100		0
745	1	5	6	12	10141810	1	30000	100		0
746	1	5	6	13	10149069	1	30000	100		0
747	1	5	6	14	10149068	1	30000	100		0
748	1	5	6	15	10149067	1	38000	100		0
749	1	5	6	16	10149066	1	30000	100		0
750	1	5	6	17	10149065	1	30000	100		0
751	1	5	6	18	10149064	1	30000	100		0
752	1	5	6	19	10149058	1	30000	100		0
753	1	5	6	20	10149057	1	30000	100		0
754	1	5	6	21	10149056	1	30000	100		0
755	1	5	6	22	10149055	1	30000	100		0
756	1	5	6	23	10149054	1	30000	100		0
757	1	5	6	24	10149053	1	30000	100		0
758	1	5	6	25	10149052	1	30000	100		0
759	1	5	6	26	10149051	1	30000	100		0
760	1	5	6	27	10149050	1	30000	100		0
761	1	5	6	28	10149049	1	38000	100		0
762	1	5	6	29	10149045	1	28000	100		0
763	1	5	6	30	10149044	1	28000	100		0
764	1	5	6	31	10149042	1	28000	100		0
765	1	5	6	32	10149041	1	28000	100		0
766	1	5	6	33	10149039	1	30000	100		0
767	1	5	6	34	10149038	1	30000	100		0
768	1	5	6	35	10149037	1	30000	100		0
769	1	5	6	36	10149036	1	20000	100		0
770	1	5	6	37	10149032	1	20000	100		0
771	1	5	6	38	10149030	1	20000	100		0
772	1	5	6	39	10149019	1	10000	100		0
773	1	5	6	40	10149018	1	10000	100		0
774	1	5	6	41	10149017	1	10000	100		0
775	1	5	6	42	10149016	1	25000	100		0
776	1	5	6	43	10149015	1	15000	100		0
777	1	5	6	44	10149014	1	15000	100		0
778	1	5	6	45	10149012	1	20000	100		0
779	1	5	6	46	10149011	1	20000	100		0
780	1	5	6	47	10149010	1	20000	100		0
781	1	5	6	48	10149009	1	10000	100		0
782	1	5	6	49	10149008	1	10000	100		0
783	1	5	6	50	10141083	1	10000	100		0
784	1	5	6	51	10141104	1	10000	100		0
785	1	5	7	1	10149099	1	32999	100		0
786	1	5	7	2	10149098	1	32999	100		0
787	1	5	7	3	10149097	1	32999	100		0
788	1	5	7	4	10149096	1	32999	100		0
789	1	5	7	5	10149095	1	32999	100		0
790	1	5	7	6	10149094	1	32999	100		0
791	1	5	7	7	10149093	1	32999	100		0
792	1	5	7	8	10149092	1	32999	100		0
793	1	5	7	9	10149091	1	32999	100		0
794	1	5	7	10	10149090	1	32999	100		0
795	1	5	7	11	10149087	1	32999	100		0
796	1	5	7	12	10149086	1	32999	100		0
797	1	5	7	13	10149085	1	32999	100		0
798	1	5	7	14	10149084	1	32999	100		0
799	1	5	7	15	10141816	1	32999	100		0
800	1	5	7	16	10141863	1	32999	100		0
801	1	5	7	17	10141864	1	32999	100		0
802	1	5	7	18	10141862	1	32999	100		0
803	1	5	7	19	10141861	1	39999	100		0
804	1	5	7	20	10141860	1	39999	100		0
805	1	5	7	21	10141859	1	39999	100		0
806	1	5	7	22	10141858	1	39999	100		0
807	1	5	7	23	10141857	1	39999	100		0
808	1	5	7	24	10141856	1	28888	100		0
809	1	5	7	25	10141855	1	28888	100		0
810	1	5	7	26	10141854	1	28888	100		0
811	1	5	7	27	10141853	1	28888	100		0
812	1	5	7	28	10141852	1	28888	100		0
813	1	5	7	29	10141850	1	28888	100		0
814	1	5	7	30	10141849	1	28888	100		0
815	1	5	7	31	10141848	1	28888	100		0
816	1	5	7	32	10141847	1	28888	100		0
817	1	5	7	33	10141846	1	28888	100		0
818	1	5	7	34	10141845	1	28888	100		0
819	1	5	7	35	10141844	1	28888	100		0
820	1	5	7	36	10141843	1	28888	100		0
821	1	5	7	37	10141842	1	28888	100		0
822	1	5	7	38	10141841	1	28888	100		0
823	1	5	7	39	10141840	1	28888	100		0
824	1	5	7	40	10141839	1	28888	100		0
825	1	5	7	41	10141838	1	26666	100		0
826	1	5	7	42	10141837	1	26666	100		0
827	1	5	7	43	10141836	1	26666	100		0
828	1	5	7	44	10141835	1	26666	100		0
829	1	5	7	45	10141834	1	26666	100		0
830	1	5	7	46	10141833	1	26666	100		0
831	1	5	7	47	10141832	1	26666	100		0
832	1	5	7	48	10141831	1	26666	100		0
833	1	5	7	49	10149101	1	26666	100		0
834	1	5	7	50	10149102	1	26666	100		0
835	1	5	7	51	10149103	1	26666	100		0
836	1	5	7	52	10149105	1	26666	100		0
837	1	5	7	53	10149106	1	26666	100		0
838	1	5	7	54	10149107	1	26666	100		0
839	1	5	7	55	10149108	1	26666	100		0
840	1	5	7	56	10149109	1	26666	100		0
841	1	6	1	1	30509014	1	5120	100		0
842	1	6	1	2	30509011	1	5120	100		0
843	1	6	1	3	38000497	1	5120	100		0
844	1	6	1	4	38000500	1	5120	100		0
845	1	6	1	5	38000580	1	5120	100		0
846	1	6	1	6	38001171	1	5120	100		0
847	1	7	1	1	30308059	1	800	100		0
848	1	7	1	2	30308055	1	1996	100		0
849	1	7	1	3	30308295	1	1960	100		0
850	1	7	1	4	30308296	1	1400	100		0
851	1	7	1	5	30308297	1	1960	100		0
852	1	7	1	6	30308298	1	1960	100		0
853	1	7	1	7	30308288	1	2960	100		0
854	1	7	1	8	30308289	1	2400	100		0
855	1	7	1	9	30308290	1	2960	100		0
856	1	7	1	10	30308291	1	2960	100		0
857	1	7	1	11	30308281	1	1960	100		0
858	1	7	1	12	30308282	1	1400	100		0
859	1	7	1	13	30308283	1	1960	100		0
860	1	7	1	14	30308284	1	1960	100		0
861	1	7	1	15	30308274	1	1960	100		0
862	1	7	1	16	30308275	1	1400	100		0
863	1	7	1	17	30308276	1	1960	100		0
864	1	7	1	18	30308277	1	1960	100		0
865	1	7	1	19	30308154	1	1960	100		0
866	1	7	1	20	30308098	1	1960	100		0
867	1	7	1	21	30308100	1	1400	100		0
868	1	7	1	22	30308099	1	1960	100		0
869	1	7	1	23	30308002	1	1960	100		0
870	1	7	1	24	30308011	1	1400	100		0
871	1	7	1	25	30308045	1	1960	100		0
872	1	7	1	26	30308075	1	1960	100		0
873	1	7	1	27	30308003	1	1960	100		0
874	1	7	1	28	30308012	1	1400	100		0
875	1	7	1	29	30308070	1	1960	100		0
876	1	7	1	30	30308091	1	1960	100		0
877	1	7	1	31	30308004	1	1960	100		0
878	1	7	1	32	30308013	1	1400	100		0
879	1	7	1	33	30308060	1	1960	100		0
880	1	7	1	34	30308089	1	1960	100		0
881	1	7	1	35	30308005	1	1960	100		0
882	1	7	1	36	30308014	1	1400	100		0
883	1	7	1	37	30308066	1	1960	100		0
884	1	7	1	38	30308087	1	1960	100		0
885	1	7	1	39	30308006	1	1960	100		0
886	1	7	1	40	30308015	1	1400	100		0
887	1	7	1	41	30308043	1	1960	100		0
888	1	7	1	42	30308093	1	1960	100		0
889	1	7	1	43	30308007	1	1960	100		0
890	1	7	1	44	30308016	1	1400	100		0
891	1	7	1	45	30308067	1	1960	100		0
892	1	7	1	46	30308088	1	1960	100		0
893	1	7	1	47	30308008	1	1960	100		0
894	1	7	1	48	30308017	1	1400	100		0
895	1	7	1	49	30308068	1	1960	100		0
896	1	7	1	50	30308076	1	1960	100		0
897	1	7	1	51	30308009	1	1960	100		0
898	1	7	1	52	30308018	1	1400	100		0
899	1	7	1	53	30308071	1	1960	100		0
900	1	7	1	54	30308092	1	1960	100		0
901	1	7	1	55	30308010	1	1960	100		0
902	1	7	1	56	30308019	1	1400	100		0
903	1	7	1	57	30308069	1	1960	100		0
904	1	7	1	58	30308090	1	1960	100		0
905	1	7	2	1	30308299	1	2800	100		0
906	1	7	2	2	30308300	1	2800	100		0
907	1	7	2	3	30308301	1	2800	100		0
908	1	7	2	4	30308292	1	2800	100		0
909	1	7	2	5	30308293	1	2800	100		0
910	1	7	2	6	30308294	1	2800	100		0
911	1	7	2	7	30308285	1	1800	100		0
912	1	7	2	8	30308286	1	1800	100		0
913	1	7	2	9	30308287	1	1800	100		0
914	1	7	2	10	30308278	1	1800	100		0
915	1	7	2	11	30308279	1	1800	100		0
916	1	7	2	12	30308280	1	1800	100		0
917	1	7	2	13	30308110	1	1800	100		0
918	1	7	2	14	30308120	1	1800	100		0
919	1	7	2	15	30308130	1	1800	100		0
920	1	7	2	16	30308101	1	1800	100		0
921	1	7	2	17	30308111	1	1800	100		0
922	1	7	2	18	30308121	1	1800	100		0
923	1	7	2	19	30308102	1	1800	100		0
924	1	7	2	20	30308112	1	1800	100		0
925	1	7	2	21	30308122	1	1800	100		0
926	1	7	2	22	30308103	1	1800	100		0
927	1	7	2	23	30308113	1	1800	100		0
928	1	7	2	24	30308123	1	1800	100		0
929	1	7	2	25	30308104	1	1800	100		0
930	1	7	2	26	30308114	1	1800	100		0
931	1	7	2	27	30308124	1	1800	100		0
932	1	7	2	28	30308105	1	1800	100		0
933	1	7	2	29	30308115	1	1800	100		0
934	1	7	2	30	30308125	1	1800	100		0
935	1	7	2	31	30308106	1	1800	100		0
936	1	7	2	32	30308116	1	1800	100		0
937	1	7	2	33	30308126	1	1800	100		0
938	1	7	2	34	30308107	1	1800	100		0
939	1	7	2	35	30308117	1	1800	100		0
940	1	7	2	36	30308127	1	1800	100		0
941	1	7	2	37	30308108	1	1800	100		0
942	1	7	2	38	30308118	1	1800	100		0
943	1	7	2	39	30308128	1	1800	100		0
944	1	7	2	40	30308109	1	1800	100		0
945	1	7	2	41	30308119	1	1800	100		0
946	1	7	2	42	30308129	1	1800	100		0
947	1	8	1	1	20308011	10	200	100		0
948	1	8	1	2	20308012	10	200	100		0
949	1	8	1	3	20308003	10	200	100		0
950	1	8	1	4	20308013	10	200	100		0
951	1	8	1	5	20308004	10	200	100		0
952	1	8	1	6	20308014	10	200	100		0
953	1	8	1	7	20308005	10	200	100		0
954	1	8	1	8	20308015	10	200	100		0
955	1	8	1	9	20308006	10	200	100		0
956	1	8	1	10	20308016	10	200	100		0
957	1	8	1	11	20308007	10	200	100		0
958	1	8	1	12	20308017	10	200	100		0
959	1	8	1	13	20308008	10	200	100		0
960	1	8	1	14	20308018	10	200	100		0
961	1	8	1	15	20308009	10	200	100		0
962	1	8	1	16	20308019	10	200	100		0
963	1	8	1	17	20308010	10	200	100		0
964	1	8	1	18	20308020	10	200	100		0
965	1	8	2	1	20308021	10	200	100		0
966	1	8	2	2	20308031	10	200	100		0
967	1	8	2	3	20308022	10	200	100		0
968	1	8	2	4	20308032	10	200	100		0
969	1	8	2	5	20308023	10	200	100		0
970	1	8	2	6	20308033	10	200	100		0
971	1	8	2	7	20308024	10	200	100		0
972	1	8	2	8	20308034	10	200	100		0
973	1	8	2	9	20308025	10	200	100		0
974	1	8	2	10	20308035	10	200	100		0
975	1	8	2	11	20308026	10	200	100		0
976	1	8	2	12	20308036	10	200	100		0
977	1	8	2	13	20308027	10	200	100		0
978	1	8	2	14	20308037	10	200	100		0
979	1	8	2	15	20308028	10	200	100		0
980	1	8	2	16	20308038	10	200	100		0
981	1	8	2	17	20308029	10	200	100		0
982	1	8	2	18	20308039	10	200	100		0
983	1	8	2	19	20308030	10	200	100		0
984	1	8	2	20	20308040	10	200	100		0
985	1	8	3	1	20308041	10	200	100		0
986	1	8	3	2	20308051	10	200	100		0
987	1	8	3	3	20308042	10	200	100		0
988	1	8	3	4	20308052	10	200	100		0
989	1	8	3	5	20308043	10	200	100		0
990	1	8	3	6	20308053	10	200	100		0
991	1	8	3	7	20308044	10	200	100		0
992	1	8	3	8	20308054	10	200	100		0
993	1	8	3	9	20308045	10	200	100		0
994	1	8	3	10	20308055	10	200	100		0
995	1	8	3	11	20308046	10	200	100		0
996	1	8	3	12	20308056	10	200	100		0
997	1	8	3	13	20308047	10	200	100		0
998	1	8	3	14	20308057	10	200	100		0
999	1	8	3	15	20308048	10	200	100		0
1000	1	8	3	16	20308058	10	200	100		0
1001	1	8	3	17	20308049	10	200	100		0
1002	1	8	3	18	20308059	10	200	100		0
1003	1	8	3	19	20308050	10	200	100		0
1004	1	8	3	20	20308060	10	200	100		0
1005	1	8	4	1	20308061	10	200	100		0
1006	1	8	4	2	20308071	10	200	100		0
1007	1	8	4	3	20308062	10	200	100		0
1008	1	8	4	4	20308072	10	200	100		0
1009	1	8	4	5	20308063	10	200	100		0
1010	1	8	4	6	20308073	10	200	100		0
1011	1	8	4	7	20308064	10	200	100		0
1012	1	8	4	8	20308074	10	200	100		0
1013	1	8	4	9	20308065	10	200	100		0
1014	1	8	4	10	20308075	10	200	100		0
1015	1	8	4	11	20308066	10	200	100		0
1016	1	8	4	12	20308076	10	200	100		0
1017	1	8	4	13	20308067	10	200	100		0
1018	1	8	4	14	20308077	10	200	100		0
1019	1	8	4	15	20308068	10	200	100		0
1020	1	8	4	16	20308078	10	200	100		0
1021	1	8	4	17	20308069	10	200	100		0
1022	1	8	4	18	20308079	10	200	100		0
1023	1	8	4	19	20308070	10	200	100		0
1024	1	8	4	20	20308080	10	200	100		0
1025	1	8	5	1	20308081	10	200	100		0
1026	1	8	5	2	20308091	10	200	100		0
1027	1	8	5	3	20308082	10	200	100		0
1028	1	8	5	4	20308092	10	200	100		0
1029	1	8	5	5	20308083	10	200	100		0
1030	1	8	5	6	20308093	10	200	100		0
1031	1	8	5	7	20308084	10	200	100		0
1032	1	8	5	8	20308094	10	200	100		0
1033	1	8	5	9	20308085	10	200	100		0
1034	1	8	5	10	20308095	10	200	100		0
1035	1	8	5	11	20308086	10	200	100		0
1036	1	8	5	12	20308096	10	200	100		0
1037	1	8	5	13	20308087	10	200	100		0
1038	1	8	5	14	20308097	10	200	100		0
1039	1	8	5	15	20308088	10	200	100		0
1040	1	8	5	16	20308098	10	200	100		0
1041	1	8	5	17	20308089	10	200	100		0
1042	1	8	5	18	20308099	10	200	100		0
1043	1	8	5	19	20308090	10	200	100		0
1044	1	8	5	20	20308100	10	200	100		0
1045	1	8	6	1	20308131	10	200	100		0
1046	1	8	6	2	20308141	10	200	100		0
1047	1	8	6	3	20308132	10	200	100		0
1048	1	8	6	4	20308142	10	200	100		0
1049	1	8	6	5	20308133	10	200	100		0
1050	1	8	6	6	20308143	10	200	100		0
1051	1	8	6	7	20308134	10	200	100		0
1052	1	8	6	8	20308144	10	200	100		0
1053	1	8	6	9	20308135	10	200	100		0
1054	1	8	6	10	20308145	10	200	100		0
1055	1	8	6	11	20308136	10	200	100		0
1056	1	8	6	12	20308146	10	200	100		0
1057	1	8	6	13	20308137	10	200	100		0
1058	1	8	6	14	20308147	10	200	100		0
1059	1	8	6	15	20308138	10	200	100		0
1060	1	8	6	16	20308148	10	200	100		0
1061	1	8	6	17	20308139	10	200	100		0
1062	1	8	6	18	20308149	10	200	100		0
1063	1	8	6	19	20308140	10	200	100		0
1064	1	8	6	20	20308150	10	200	100		0
1065	1	8	7	1	20308151	10	200	100		0
1066	1	8	7	2	20308101	10	200	100		0
1067	1	8	7	3	20308152	10	200	100		0
1068	1	8	7	4	20308102	10	200	100		0
1069	1	8	7	5	20308153	10	200	100		0
1070	1	8	7	6	20308103	10	200	100		0
1071	1	8	7	7	20308154	10	200	100		0
1072	1	8	7	8	20308104	10	200	100		0
1073	1	8	7	9	20308155	10	200	100		0
1074	1	8	7	10	20308105	10	200	100		0
1075	1	8	7	11	20308156	10	200	100		0
1076	1	8	7	12	20308106	10	200	100		0
1077	1	8	7	13	20308157	10	200	100		0
1078	1	8	7	14	20308107	10	200	100		0
1079	1	8	7	15	20308158	10	200	100		0
1080	1	8	7	16	20308108	10	200	100		0
1081	1	8	7	17	20308159	10	200	100		0
1082	1	8	7	18	20308109	10	200	100		0
1083	1	8	7	19	20308160	10	200	100		0
1084	1	8	7	20	20308110	10	200	100		0
1085	1	8	8	1	20308111	10	200	100		0
1086	1	8	8	2	20308121	10	200	100		0
1087	1	8	8	3	20308112	10	200	100		0
1088	1	8	8	4	20308122	10	200	100		0
1089	1	8	8	5	20308113	10	200	100		0
1090	1	8	8	6	20308123	10	200	100		0
1091	1	8	8	7	20308114	10	200	100		0
1092	1	8	8	8	20308124	10	200	100		0
1093	1	8	8	9	20308115	10	200	100		0
1094	1	8	8	10	20308125	10	200	100		0
1095	1	8	8	11	20308116	10	200	100		0
1096	1	8	8	12	20308126	10	200	100		0
1097	1	8	8	13	20308117	10	200	100		0
1098	1	8	8	14	20308127	10	200	100		0
1099	1	8	8	15	20308118	10	200	100		0
1100	1	8	8	16	20308128	10	200	100		0
1101	1	8	8	17	20308119	10	200	100		0
1102	1	8	8	18	20308129	10	200	100		0
1103	1	8	8	19	20308120	10	200	100		0
1104	1	8	8	20	20308130	10	200	100		0
1105	2	1	1	1	30309924	1	5000	100		0
1106	2	1	1	2	30309908	1	20000000	100		0
1107	2	1	1	3	30505219	1	500000	100		0
1108	2	1	1	4	38000807	1	5000	100		0
1109	2	1	1	5	38000956	1	5000	100		0
1110	2	1	1	6	30103056	1	50000	100		0
1111	2	1	1	7	31000004	1	20000	100		0
1112	2	1	1	8	38001002	1	200000	100		0
1113	2	1	1	9	38001178	1	200000	100		0
1114	2	1	1	10	38001111	1	10000000	100		0
1115	2	1	1	11	20310168	20	5000	100		0
1116	2	1	1	12	20700055	20	40000	100		0
1117	2	1	1	13	20310176	1	5000	100		0
1118	2	1	1	14	38000390	1	500	100		0
1119	2	1	1	15	38000391	1	5000	100		0
1120	2	1	1	16	38000392	1	50000	100		0
1121	2	1	1	17	38000571	1	5000	100		0
1122	2	1	1	18	20800033	1	10000	100		0
1123	2	1	1	19	20800031	1	10000	100		0
1124	2	1	1	20	30103119	1	5000	100		0
1125	2	1	1	21	20800039	1	10000	100		
1126	2	1	1	22	20800041	1	10000	100		0
1127	2	1	1	23	20800043	1	10000	100		0
1128	2	1	1	24	20310114	1	15000	100		0
1129	2	1	1	25	30900014	1	10000	100		0
1130	2	1	2	1	30310001	1	294000	100		0
1131	2	1	2	2	30310010	1	294000	100		0
1132	2	1	2	3	30310019	1	294000	100		0
1133	2	1	2	4	30310028	1	294000	100		0
1134	2	1	2	5	30310037	1	294000	100		0
1135	2	1	2	6	30310046	1	294000	100		0
1136	2	1	2	7	30310055	1	294000	100		0
1137	2	1	2	8	30310064	1	294000	100		0
1138	2	1	2	9	30310073	1	294000	100		0
1139	2	1	2	10	30310082	1	294000	100		0
1140	2	1	2	11	30310097	1	294000	100		0
1141	2	1	2	12	30310107	1	294000	100		0
1142	2	1	2	13	30310108	1	294000	100		0
1143	2	1	2	14	30310109	1	294000	100		0
1144	2	1	2	15	30310110	1	294000	100		0
1145	2	1	2	16	30310111	1	294000	100		0
1146	2	1	2	17	30310098	1	294000	100		0
1147	2	1	2	18	30310101	1	294000	100		0
1148	2	1	2	19	30310099	1	294000	100		0
1149	2	1	2	20	30310100	1	294000	100		0
1150	2	1	2	21	30310002	1	294000	100		0
1151	2	1	2	22	30310003	1	294000	100		0
1152	2	1	2	23	30310004	1	294000	100		0
1153	2	1	2	24	30310005	1	294000	100		0
1154	2	1	2	25	30310011	1	294000	100		0
1155	2	1	2	26	30310012	1	294000	100		0
1156	2	1	2	27	30310093	1	294000	100		0
1157	2	1	2	28	30310013	1	294000	100		0
1158	2	1	2	29	30310014	1	294000	100		0
1159	2	1	2	30	30310020	1	294000	100		0
1160	2	1	2	31	30310021	1	294000	100		0
1161	2	1	2	32	30310022	1	294000	100		0
1162	2	1	2	33	30310023	1	294000	100		0
1163	2	1	2	34	30310029	1	294000	100		0
1164	2	1	2	35	30310030	1	294000	100		0
1165	2	1	2	36	30310031	1	294000	100		0
1166	2	1	2	37	30310032	1	294000	100		0
1167	2	1	2	38	30310038	1	294000	100		0
1168	2	1	2	39	30310039	1	294000	100		0
1169	2	1	2	40	30310040	1	294000	100		0
1170	2	1	2	41	30310041	1	294000	100		0
1171	2	1	2	42	30310047	1	294000	100		0
1172	2	1	2	43	30310049	1	294000	100		0
1173	2	1	2	44	30310050	1	294000	100		0
1174	2	1	2	45	30310048	1	294000	100		0
1175	2	1	2	46	30310056	1	294000	100		0
1176	2	1	2	47	30310057	1	294000	100		0
1177	2	1	2	48	30310058	1	294000	100		0
1178	2	1	2	49	30310059	1	294000	100		0
1179	2	1	2	50	30310065	1	294000	100		0
1180	2	1	2	51	30310066	1	294000	100		0
1181	2	1	2	52	30310067	1	294000	100		0
1182	2	1	2	53	30310068	1	294000	100		0
1183	2	1	2	54	30310074	1	294000	100		0
1184	2	1	2	55	30310075	1	294000	100		0
1185	2	1	2	56	30310076	1	294000	100		0
1186	2	1	2	57	30310077	1	294000	100		0
1187	2	1	2	58	30310084	1	294000	100		0
1188	2	1	2	59	30310085	1	294000	100		0
1189	2	1	2	60	30310086	1	294000	100		0
1190	2	1	2	61	30310095	1	294000	100		0
1191	2	1	3	1	30310112	1	294000	100		0
1192	2	1	3	2	30310113	1	294000	100		0
1193	2	1	3	3	30310114	1	294000	100		0
1194	2	1	3	4	30310115	1	294000	100		0
1195	2	1	3	5	30310102	1	294000	100		0
1196	2	1	3	6	30310105	1	294000	100		0
1197	2	1	3	7	30310103	1	294000	100		0
1198	2	1	3	8	30310104	1	294000	100		0
1199	2	1	3	9	30310006	1	294000	100		0
1200	2	1	3	10	30310007	1	294000	100		0
1201	2	1	3	11	30310008	1	294000	100		0
1202	2	1	3	12	30310009	1	294000	100		0
1203	2	1	3	13	30310015	1	294000	100		0
1204	2	1	3	14	30310016	1	294000	100		0
1205	2	1	3	15	30310017	1	294000	100		0
1206	2	1	3	16	30310018	1	294000	100		0
1207	2	1	3	17	30310024	1	294000	100		0
1208	2	1	3	18	30310025	1	294000	100		0
1209	2	1	3	19	30310026	1	294000	100		0
1210	2	1	3	20	30310027	1	294000	100		0
1211	2	1	3	21	30310033	1	294000	100		0
1212	2	1	3	22	30310034	1	294000	100		0
1213	2	1	3	23	30310035	1	294000	100		0
1214	2	1	3	24	30310036	1	294000	100		0
1215	2	1	3	25	30310042	1	294000	100		0
1216	2	1	3	26	30310043	1	294000	100		0
1217	2	1	3	27	30310044	1	294000	100		0
1218	2	1	3	28	30310045	1	294000	100		0
1219	2	1	3	29	30310051	1	294000	100		0
1220	2	1	3	30	30310052	1	294000	100		0
1221	2	1	3	31	30310053	1	294000	100		0
1222	2	1	3	32	30310054	1	294000	100		0
1223	2	1	3	33	30310060	1	294000	100		0
1224	2	1	3	34	30310061	1	294000	100		0
1225	2	1	3	35	30310062	1	294000	100		0
1226	2	1	3	36	30310063	1	294000	100		0
1227	2	1	3	37	30310069	1	294000	100		0
1228	2	1	3	38	30310070	1	294000	100		0
1229	2	1	3	39	30310071	1	294000	100		0
1230	2	1	3	40	30310072	1	294000	100		0
1231	2	1	3	41	30310078	1	294000	100		0
1232	2	1	3	42	30310079	1	294000	100		0
1233	2	1	3	43	30310080	1	294000	100		0
1234	2	1	3	44	30310081	1	294000	100		0
1235	2	1	3	45	30310088	1	294000	100		0
1236	2	1	3	46	30310089	1	294000	100		0
1237	2	1	3	47	30310090	1	294000	100		0
1238	2	1	3	48	30310096	1	294000	100		0
1239	2	1	4	1	30310125	1	294000	100		0
1240	2	1	4	2	30310126	1	294000	100		0
1241	2	1	4	3	30310127	1	294000	100		0
1242	2	1	4	4	30310128	1	294000	100		0
1243	2	1	4	5	30310129	1	294000	100		0
1244	2	1	4	6	30310116	1	294000	100		0
1245	2	1	4	7	30310117	1	294000	100		0
1246	2	1	4	8	30310118	1	294000	100		0
1247	2	1	4	9	30310119	1	294000	100		0
1248	2	1	4	10	30310120	1	294000	100		0
1249	2	2	1	1	22801001	1	400000	100		0
1250	2	2	1	2	22801002	1	400000	100		0
1251	2	2	1	3	22802005	1	400000	100		0
1252	2	2	1	4	22802006	1	400000	100		0
1253	2	2	1	5	22802007	1	400000	100		0
1254	2	2	1	6	22802008	1	400000	100		0
1255	2	2	1	7	22803001	1	400000	100		0
1256	2	2	1	8	22804002	1	400000	100		0
1257	2	2	1	9	22811001	1	400000	100		0
1258	2	2	1	10	22811002	1	400000	100		0
1259	2	2	1	11	22812005	1	400000	100		0
1260	2	2	1	12	22812006	1	400000	100		0
1261	2	2	1	13	22812007	1	400000	100		0
1262	2	2	1	14	22812008	1	400000	100		0
1263	2	2	1	15	22821108	1	1600000	100		0
1264	2	2	1	16	22821208	1	1600000	100		0
1265	2	2	1	17	22821308	1	1600000	100		0
1266	2	2	1	18	22821408	1	1600000	100		0
1267	2	2	2	1	38000445	1	150000	100		0
1268	2	2	2	2	30900033	1	1000	100		0
1269	2	2	2	3	30900034	1	1000	100		0
1270	2	2	5	1	22713012	1	250398	100		0
1271	2	2	5	2	22701003	1	240398	100		0
1272	2	2	5	3	22701004	1	240398	100		0
1273	2	2	5	4	22702013	1	241318	100		0
1274	2	2	5	5	22702014	1	241318	100		0
1275	2	2	5	6	22702015	1	241318	100		0
1276	2	2	5	7	22702016	1	241318	100		0
1277	2	2	5	8	22703002	1	240398	100		0
1278	2	2	5	9	22704003	1	240398	100		0
1279	2	2	5	10	22711003	1	240398	100		0
1280	2	2	5	11	22711004	1	240398	100		0
1281	2	2	5	12	22712013	1	241318	100		0
1282	2	2	5	13	22712014	1	241318	100		0
1283	2	2	5	14	22712015	1	241318	100		0
1284	2	2	5	15	22712016	1	241318	100		0
1285	2	2	5	16	22713007	1	240398	100		0
1286	2	2	5	17	22713008	1	240398	100		0
1287	2	2	5	18	22713009	1	240398	100		0
1288	2	2	5	19	22713010	1	240398	100		0
1289	2	2	5	20	22713011	1	240398	100		0
1290	2	2	5	21	22714002	1	240398	100		0
1291	2	2	5	22	22721114	1	489999	100		0
1292	2	2	5	23	22721214	1	489999	100		0
1293	2	2	5	24	22721314	1	489999	100		0
1294	2	2	5	25	22721414	1	489999	100		0
1295	2	2	5	26	22702009	1	240398	100		0
1296	2	2	5	27	22702010	1	240398	100		0
1297	2	2	5	28	22702011	1	240398	100		0
1298	2	2	5	29	22702012	1	240398	100		0
1299	2	2	5	30	22712009	1	240398	100		0
1300	2	2	5	31	22712010	1	240398	100		0
1301	2	2	5	32	22712011	1	240398	100		0
1302	2	2	5	33	22712012	1	240398	100		0
1303	2	3	1	1	38004256	1	50000	100		0
1304	2	3	1	2	38004257	1	50000	100		0
1305	2	3	1	3	38004258	1	50000	100		0
1306	2	3	1	4	38004259	1	50000	100		0
1307	2	3	1	5	38004260	1	50000	100		0
1308	2	3	1	6	38004261	1	50000	100		0
1309	2	3	1	7	38004262	1	50000	100		0
1310	2	3	1	8	38004263	1	50000	100		0
1311	2	3	1	9	38004264	1	50000	100		0
1312	2	3	1	10	38004265	1	50000	100		0
1313	2	3	1	11	38004266	1	50000	100		0
1314	2	3	1	12	38004267	1	50000	100		0
1315	2	3	1	13	38004268	1	50000	100		0
1316	2	3	1	14	38004269	1	50000	100		0
1317	2	3	1	15	38004270	1	50000	100		0
1318	2	3	1	16	38004271	1	50000	100		0
1319	2	3	1	17	38004272	1	50000	100		0
1320	2	3	1	18	38004273	1	50000	100		0
1321	2	3	1	19	38004274	1	40000	100		0
1322	2	3	1	20	38004275	1	40000	100		0
1323	2	3	1	21	38004276	1	40000	100		0
1324	2	3	1	22	38004277	1	40000	100		0
1325	2	3	1	23	38004278	1	40000	100		0
1326	2	3	1	24	38004279	1	40000	100		0
1327	2	3	1	25	38004280	1	40000	100		0
1328	2	3	1	26	38004281	1	40000	100		0
1329	2	3	1	27	38004282	1	40000	100		0
1330	2	3	1	28	38004283	1	40000	100		0
1331	2	3	1	29	38004284	1	40000	100		0
1332	2	3	1	30	38004285	1	40000	100		0
1333	2	3	1	31	38004286	1	40000	100		0
1334	2	3	1	32	38004287	1	40000	100		0
1335	2	3	1	33	38004288	1	40000	100		0
1336	2	3	1	34	38004289	1	40000	100		0
1337	2	3	1	35	38004290	1	40000	100		0
1338	2	3	1	36	38004291	1	40000	100		0
1339	2	3	2	1	38004232	1	44444	100		0
1340	2	4	1	1	10149073	1	2000	100		0
1341	2	4	1	2	10149074	1	2000	100		0
1342	2	4	1	3	10149075	1	2000	100		0
1343	2	4	1	4	10149076	1	2000	100		0
1344	2	4	1	5	10149077	1	2000	100		0
1345	2	4	1	6	10149078	1	2000	100		0
1346	2	4	1	7	10149079	1	2000	100		0
1347	2	4	1	8	10149080	1	2000	100		0
1348	2	4	1	9	10149083	1	2000	100		0
1349	2	4	1	10	10149084	1	2000	100		0
1350	2	4	1	11	10149085	1	2000	100		0
1351	2	4	1	12	10149086	1	2000	100		0
1352	2	4	1	13	10149087	1	2000	100		0
1353	2	4	1	14	10149090	1	2000	100		0
1354	2	4	1	15	10149091	1	2000	100		0
1355	2	4	1	16	10149092	1	2000	100		0
1356	2	4	1	17	10149093	1	2000	100		0
1357	2	4	1	18	10149094	1	2000	100		0
1358	2	4	1	19	10149095	1	2000	100		0
1359	2	4	1	20	10149096	1	2000	100		0
1360	2	4	1	21	10149097	1	2000	100		0
1361	2	4	1	22	10149098	1	2000	100		0
1362	2	4	1	23	10149099	1	2000	100		0
1363	2	4	1	24	10149100	1	2000	100		0
1364	2	4	1	25	10102790	1	2000	100		0
1365	2	4	1	26	10102800	1	2000	100		0
1366	2	4	1	27	10102810	1	2000	100		0
1367	2	4	1	28	10102820	1	2000	100		0
1368	2	4	1	29	10102830	1	2000	100		0
1369	2	4	1	30	10102840	1	2000	100		0
1370	2	4	1	31	10102850	1	2000	100		0
1371	2	4	1	32	10102870	1	2000	100		0
1372	2	4	1	33	10102880	1	2000	100		0
1373	2	4	1	34	10102890	1	2000	100		0
1374	2	4	1	35	10102900	1	2000	100		0
1375	2	4	1	36	10102910	1	2000	100		0
1376	2	4	1	37	10102920	1	2000	100		0
1377	2	4	1	38	10102930	1	2000	100		0
1378	2	4	1	39	10102940	1	2000	100		0
1379	2	4	1	40	10102950	1	2000	100		0
1380	2	4	1	41	10102960	1	2000	100		0
1381	2	4	1	42	10102970	1	2000	100		0
1382	2	4	1	43	10102980	1	2000	100		0
1383	2	4	1	44	10102990	1	2000	100		0
1384	2	4	1	45	10103000	1	2000	100		0
1385	2	4	1	46	10103010	1	2000	100		0
1386	2	4	1	47	10103020	1	2000	100		0
1387	2	4	1	48	10103030	1	2000	100		0
1388	2	4	2	1	38007000	10	2000	100		0
1389	2	4	2	2	38007001	1	2000	100		0
1390	2	4	2	3	38007002	1	5000	100		0
1391	2	4	2	4	38007003	1	10000	100		0
1392	2	4	2	5	38007004	1	2000	100		0
1393	2	4	2	6	38007005	1	999	100		0
1394	2	4	2	7	38007006	1	2999	100		0
1395	2	4	2	8	38007007	1	4999	100		0
1396	2	4	2	9	38007026	1	9999	100		0
1397	2	4	2	10	38007027	1	9999	100		0
1398	2	4	2	11	38007028	1	9999	100		0
1399	2	4	2	12	38007029	1	9999	100		0
1400	2	4	2	13	38007030	1	9999	100		0
1401	2	4	2	14	38007031	1	9999	100		0
1402	2	4	2	15	38007032	1	9999	100		0
1403	2	4	2	16	38007033	1	9999	100		0
1404	2	4	2	17	38007034	1	9999	100		0
1405	2	4	2	18	38007035	1	20000	100		0
1406	2	4	2	19	38007036	1	20000	100		0
1407	2	4	2	20	38007037	1	20000	100		0
1408	2	4	2	21	38007038	1	20000	100		0
1409	2	4	2	22	38007039	1	20000	100		0
1410	2	4	2	23	38007040	1	20000	100		0
1411	2	4	2	24	38007041	1	20000	100		0
1412	2	4	2	25	38007042	1	20000	100		0
1413	2	4	2	26	38007043	1	20000	100		0
1414	2	4	2	27	38007044	1	20000	100		0
1415	2	4	2	28	38007045	1	20000	100		0
1416	2	4	2	29	38007046	1	20000	100		0
1417	2	4	2	30	38007047	1	20000	100		0
1418	2	4	2	31	38007048	1	20000	100		0
1419	2	4	2	32	38007049	1	20000	100		0
1420	2	4	2	33	38007050	1	20000	100		0
1421	2	4	2	34	38007051	1	1000	100		0
1422	2	4	2	35	38007052	1	5000	100		0
1423	2	4	2	36	38007053	1	10000	100		0
1424	2	4	2	37	38007054	1	20000	100		0
1425	2	4	3	1	30120141	1	12000	100		0
1426	2	4	3	2	30120142	1	12000	100		0
1427	2	4	3	3	30120143	1	12000	100		0
1428	2	4	3	4	30120144	1	12000	100		0
1429	2	4	3	5	30120012	1	12000	100		0
1430	2	4	3	6	30120013	1	12000	100		0
1431	2	4	3	7	30120014	1	12000	100		0
1432	2	4	3	8	30120015	1	12000	100		0
1433	2	4	3	9	30120016	1	12000	100		0
1434	2	4	3	10	30120017	1	12000	100		0
1435	2	4	3	11	30120018	1	12000	100		0
1436	2	4	3	12	30120019	1	12000	100		0
1437	2	4	3	13	30120020	1	12000	100		0
1438	2	4	3	14	30120021	1	12000	100		0
1439	2	4	3	15	30120033	1	12000	100		0
1440	2	4	3	16	30120034	1	12000	100		0
1441	2	4	3	17	30120035	1	12000	100		0
1442	2	4	3	18	30120036	1	12000	100		0
1443	2	4	3	19	30120037	1	12000	100		0
1444	2	4	3	20	30120038	1	12000	100		0
1445	2	4	3	21	30120133	1	12000	100		0
1446	2	4	3	22	30120134	1	12000	100		0
1447	2	4	3	23	30120135	1	12000	100		0
1448	2	4	3	24	30120136	1	12000	100		0
1449	2	4	3	25	30120043	1	12000	100		0
1450	2	4	3	26	30120044	1	12000	100		0
1451	2	4	3	27	30120045	1	12000	100		0
1452	2	4	3	28	30120046	1	12000	100		0
1453	2	4	3	29	30120047	1	12000	100		0
1454	2	4	3	30	30120066	1	12000	100		0
1455	2	4	3	31	30120067	1	12000	100		0
1456	2	4	3	32	30120068	1	12000	100		0
1457	2	4	3	33	30120069	1	12000	100		0
1458	2	4	3	34	30120070	1	12000	100		0
1459	2	4	3	35	30120071	1	12000	100		0
1460	2	4	3	36	30120072	1	12000	100		0
1461	2	4	3	37	30120073	1	12000	100		0
1462	2	4	3	38	30120082	1	12000	100		0
1463	2	4	3	39	30120083	1	12000	100		0
1464	2	4	3	40	30120084	1	12000	100		0
1465	2	4	3	41	30120085	1	12000	100		0
1466	2	4	3	42	30120048	1	12000	100		0
1467	2	4	3	43	30120049	1	12000	100		0
1468	2	4	3	44	30120050	1	12000	100		0
1469	2	4	3	45	30120051	1	12000	100		0
1470	2	4	3	46	30120052	1	12000	100		0
1471	2	4	3	47	30120053	1	12000	100		0
1472	2	4	3	48	30120054	1	12000	100		0
1473	2	4	3	49	30120055	1	12000	100		0
1474	2	4	3	50	30120056	1	12000	100		0
1475	2	4	3	51	30120074	1	12000	100		0
1476	2	4	3	52	30120075	1	12000	100		0
1477	2	4	3	53	30120076	1	12000	100		0
1478	2	4	3	54	30120077	1	12000	100		0
1479	2	4	3	55	30120086	1	12000	100		0
1480	2	4	3	56	30120087	1	12000	100		0
1481	2	4	3	57	30120088	1	12000	100		0
1482	2	4	3	58	30120089	1	12000	100		0
1483	2	4	3	59	30120057	1	12000	100		0
1484	2	4	3	60	30120058	1	12000	100		0
1485	2	4	3	61	30120059	1	12000	100		0
1486	2	4	3	62	30120060	1	12000	100		0
1487	2	4	3	63	30120061	1	12000	100		0
1488	2	4	3	64	30120062	1	12000	100		0
1489	2	4	3	65	30120063	1	12000	100		0
1490	2	4	3	66	30120064	1	12000	100		0
1491	2	4	3	67	30120065	1	12000	100		0
1492	2	4	3	68	30120078	1	12000	100		0
1493	2	4	3	69	30120079	1	12000	100		0
1494	2	4	3	70	30120080	1	12000	100		0
1495	2	4	3	71	30120081	1	12000	100		0
1496	2	4	3	72	30120090	1	12000	100		0
1497	2	4	3	73	30120091	1	12000	100		0
1498	2	4	3	74	30120092	1	12000	100		0
1499	2	4	3	75	30120093	1	12000	100		0
1500	2	4	3	76	30120096	1	12000	100		0
1501	2	4	3	77	30120097	1	12000	100		0
1502	2	4	3	78	30120098	1	12000	100		0
1503	2	4	3	79	30120099	1	12000	100		0
1504	2	4	3	80	30120100	1	12000	100		0
1505	2	4	3	81	30120101	1	12000	100		0
1506	2	4	3	82	30120102	1	12000	100		0
1507	2	4	3	83	30120103	1	12000	100		0
1508	2	4	3	84	30120104	1	12000	100		0
1509	2	4	3	85	30120105	1	12000	100		0
1510	2	4	3	86	30120106	1	12000	100		0
1511	2	4	3	87	30120107	1	12000	100		0
1512	2	4	3	88	30120108	1	12000	100		0
1513	2	4	3	89	30120109	1	12000	100		0
1514	2	4	3	90	30120110	1	12000	100		0
1515	2	4	3	91	30120111	1	12000	100		0
1516	2	4	3	92	30120112	1	12000	100		0
1517	2	4	4	1	30120145	1	12000	100		0
1518	2	4	4	2	30120146	1	12000	100		0
1519	2	4	4	3	30120147	1	12000	100		0
1520	2	4	4	4	30120148	1	12000	100		0
1521	2	4	4	5	30120149	1	12000	100		0
1522	2	4	4	6	30120150	1	12000	100		0
1523	2	4	4	7	30120151	1	12000	100		0
1524	2	4	4	8	30120152	1	12000	100		0
1525	2	4	4	9	30120153	1	12000	100		0
1526	2	4	4	10	30120154	1	12000	100		0
1527	2	4	4	11	30120155	1	12000	100		0
1528	2	4	4	12	30120156	1	12000	100		0
1529	2	4	4	13	30120157	1	12000	100		0
1530	2	4	4	14	30120158	1	12000	100		0
1531	2	4	4	15	30120159	1	12000	100		0
1532	2	4	4	16	30120160	1	12000	100		0
1533	2	4	4	17	30120161	1	12000	100		0
1534	2	4	4	18	30120001	1	12000	100		0
1535	2	4	4	19	30120002	1	12000	100		0
1536	2	4	4	20	30120003	1	12000	100		0
1537	2	4	4	21	30120004	1	12000	100		0
1538	2	4	4	22	30120005	1	12000	100		0
1539	2	4	4	23	30120006	1	12000	100		0
1540	2	4	4	24	30120007	1	12000	100		0
1541	2	4	4	25	30120095	1	12000	100		0
1542	2	4	4	26	30120137	1	12000	100		0
1543	2	4	4	27	30120138	1	12000	100		0
1544	2	4	4	28	30120139	1	12000	100		0
1545	2	4	4	29	30120140	1	12000	100		0
1546	2	4	4	30	30120008	1	12000	100		0
1547	2	4	4	31	30120009	1	12000	100		0
1548	2	4	4	32	30120125	1	12000	100		0
1549	2	4	4	33	30120126	1	12000	100		0
1550	2	4	4	34	30120127	1	12000	100		0
1551	2	4	4	35	30120128	1	12000	100		0
1552	2	4	4	36	30120010	1	12000	100		0
1553	2	4	4	37	30120011	1	12000	100		0
1554	2	4	4	38	30120129	1	12000	100		0
1555	2	4	4	39	30120130	1	12000	100		0
1556	2	4	4	40	30120131	1	12000	100		0
1557	2	4	4	41	30120132	1	12000	100		0
1558	2	4	4	42	30120022	1	12000	100		0
1559	2	4	4	43	30120023	1	12000	100		0
1560	2	4	4	44	30120024	1	12000	100		0
1561	2	4	4	45	30120025	1	12000	100		0
1562	2	4	4	46	30120026	1	12000	100		0
1563	2	4	4	47	30120027	1	12000	100		0
1564	2	4	4	48	30120028	1	12000	100		0
1565	2	4	4	49	30120029	1	12000	100		0
1566	2	4	4	50	30120030	1	12000	100		0
1567	2	4	4	51	30120113	1	12000	100		0
1568	2	4	4	52	30120114	1	12000	100		0
1569	2	4	4	53	30120115	1	12000	100		0
1570	2	4	4	54	30120116	1	12000	100		0
1571	2	4	4	55	30120031	1	12000	100		0
1572	2	4	4	56	30120032	1	12000	100		0
1573	2	4	4	57	30120041	1	12000	100		0
1574	2	4	4	58	30120117	1	12000	100		0
1575	2	4	4	59	30120118	1	12000	100		0
1576	2	4	4	60	30120119	1	12000	100		0
1577	2	4	4	61	30120120	1	12000	100		0
1578	2	4	4	62	30120039	1	12000	100		0
1579	2	4	4	63	30120040	1	12000	100		0
1580	2	4	4	64	30120042	1	12000	100		0
1581	2	4	4	65	30120094	1	12000	100		0
1582	2	4	4	66	30120121	1	12000	100		0
1583	2	4	4	67	30120122	1	12000	100		0
1584	2	4	4	68	30120123	1	12000	100		0
1585	2	4	4	69	30120124	1	12000	100		0
1586	2	4	5	1	20310173	20	20000	100		0
1587	2	4	5	2	30503149	1	50000	100		0
1588	2	4	5	3	30503150	1	5000	100		0
1589	2	4	5	4	20502009	20	20000	100		0
1590	2	4	5	5	30503211	1	149800	100		0
1591	2	4	5	6	30503210	1	149800	100		0
1592	2	4	5	7	30503209	1	149800	100		0
1593	2	4	5	8	30503208	1	149800	100		0
1594	2	4	5	9	30503207	1	149800	100		0
1595	2	4	5	10	30503206	1	149800	100		0
1596	2	4	5	11	30503205	1	149800	100		0
1597	2	4	5	12	30503046	1	45000	100		0
1598	2	4	5	13	30503047	1	225000	100		0
1599	2	4	5	14	38004232	1	44444	100		0
1600	2	4	5	15	30503037	1	45000	100		0
1601	2	4	5	16	30503038	1	225000	100		0
1602	2	4	5	17	30503039	1	1135000	100		0
1603	2	4	5	18	30503055	1	45000	100		0
1604	2	4	5	19	30503056	1	225000	100		0
1605	2	4	5	20	22801001	1	80000	100		0
1606	2	4	5	21	22801002	1	80000	100		0
1607	2	4	5	22	22802005	1	120000	100		0
1608	2	4	5	23	22802006	1	120000	100		0
1609	3	1	1	1	22802008	1	400000	100		0
1610	3	1	1	2	22803001	1	400000	100		0
1611	3	1	1	3	22804002	1	400000	100		0
1612	3	1	1	4	22811001	1	400000	100		0
1613	3	1	1	5	22811002	1	400000	100		0
1614	3	1	1	6	22812005	1	400000	100		0
1615	3	1	1	7	22812006	1	400000	100		0
1616	3	1	1	8	22812007	1	400000	100		0
1617	3	1	1	9	22812008	1	400000	100		0
1618	3	1	1	10	22821108	1	1600000	100		0
1619	3	1	1	11	22821208	1	1600000	100		0
1620	3	1	1	12	22821308	1	1600000	100		0
1621	3	1	1	13	22821408	1	1600000	100		0
1622	3	1	1	14	22721407	1	320000	100		0
1623	3	1	1	15	22721207	1	320000	100		0
1624	3	1	1	16	22721107	1	320000	100		0
1625	3	1	1	17	22721307	1	1600000	100		0
1626	3	1	1	18	22802005	1	400000	100		0
1627	3	1	1	19	22802007	1	400000	100		0
1628	3	1	1	20	22802006	1	400000	100		0
1629	3	1	1	21	22802008	1	400000	100		0
1630	3	1	2	1	38004368	1	20000	100		0
1631	3	1	2	2	38004221	1	2000000	100		0
1632	3	1	2	3	38004222	1	2000000	100		0
1633	3	1	2	4	38004224	1	2000000	100		0
1634	3	1	2	5	38004225	1	2000000	100		0
1635	3	1	2	6	38004223	1	2000000	100		0
1636	3	1	2	7	38004238	1	2000000	100		0
1637	3	1	2	8	38004239	1	2000000	100		0
1638	3	1	2	9	38004240	1	2000000	100		0
1639	3	1	2	10	38004247	1	2000000	100		0
1640	3	1	2	11	38004620	1	2000000	100		0
1641	3	1	2	12	38004227	1	1500000	100		0
1642	3	1	2	13	38004228	1	1500000	100		0
1643	3	1	2	14	38004229	1	1500000	100		0
1644	3	1	2	15	38004230	1	1500000	100		0
1645	3	1	2	16	38004231	1	1500000	100		0
1646	3	1	2	17	38004232	1	1500000	100		0
1647	3	1	2	18	38004233	1	1500000	100		0
1648	3	1	2	19	38004234	1	1500000	100		0
1649	3	1	2	20	38004235	1	1500000	100		0
1650	3	1	2	21	38004241	1	1500000	100		0
1651	3	1	2	22	38004248	1	1500000	100		0
1652	3	1	2	23	38004249	1	1500000	100		0
1653	3	1	2	24	38004250	1	1500000	100		0
1654	3	1	2	25	38004621	1	1500000	100		0
1655	3	1	2	26	39902001	1	200	100		0
1656	3	1	2	27	39902002	1	500	100		0
1657	3	1	2	28	39902003	1	1000	100		0
1658	3	1	2	29	39902004	1	2000	100		0
1659	3	1	2	30	39902005	1	20000	100		0
